911	900	911	909	909	907	914	895	932	908	919	923	889	912	900	913	913	910	916	908	902	916	907	904	902	901	898	899	896	909	904	893	903	920	894	904	920	895	898	901	922	914	907	895	912	901	897	897	901	906	902	892	908	898	905	907	904	888	895	902	889	898	910	903	921	890	917	885	893	902	915	904	904	910	905	903	906	896	905	894	883	901	918	890	903	893	900	899	905	887	912	892	881	898	901	898	882	912	899	894	885	879	900	903	883	902	897	904	889	887	883	900	904	898	889	897	910	904	871	886	878	907	886	887	893	909	891	901	893	888	896	877	892	886	896	898	910	874	895	886	881	875	897	903	899	882	889	884	891	899	907	888	910	875	891	885	886	897	891	889	890	887	888	891	892	905	895	908	893	876	886	881	892	876	886	891	900	892	874	893	893	908	880	887	882	874	892	878	895	899	879	896	893	855	871	893	884	884	875	893	886	902	890	889	866	901	877	877	876	895	890	896	898	892	893	879	876	875	884	892	885	882	873	870	888	880	879	880	887	892	894	881	884	887	886	889	882	878	899	881	876	887	881	877	898	888	877	890	878	895	876	876	889	897	875	882
875	876	870	898	895	885	908	885	877	877	858	866	882	894	884	877	897	887	881	880	888	876	873	874	870	882	872	888	893	881	887	870	888	892	860	891	877	888	884	880	891	890	872	858	874	873	901	892	869	889	880	898	896	888	862	896	897	876	886	883	892	874	880	877	879	878	899	886	880	877	883	871	891	892	894	871	875	867	878	885	893	873	883	891	872	870	898	881	873	878	897	869	886	880	873	876	862	883	880	878	870	881	873	880	889	865	882	882	870	886	880	859	875	887	867	878	871	885	877	873	883	875	870	874	856	881	875	859	885	892	876	879	865	874	878	868	859	878	887	881	876	849	877	869	880	866	884	868	878	892	867	888	888	885	886	885	878	878	882	883	884	881	869	901	875	866	882	876	870	879	855	879	872	909	879	865	869	878	880	871	868	858	881	864	869	874	869	876	880	868	891	866	880	882	848	893	875	882	867	874	882	873	877	877	885	867	884	876	882	870	861	890	876	857	859	866	885	882	874	877	885	870	863	881	884	896	859	869	882	858	870	857	882	879	869	879	882	873	863	878	883	871	872	867	861	851	877	860	853	874	873	874	868	868	871	866
890	887	869	871	869	887	877	884	875	898	881	898	876	871	873	872	871	890	867	880	884	875	879	855	872	878	885	881	877	874	883	880	878	878	881	889	880	871	875	880	868	868	881	875	868	884	880	878	873	866	876	896	885	870	887	878	878	876	877	877	877	879	872	884	862	876	871	890	872	885	874	889	873	874	868	885	860	860	883	884	900	888	870	877	866	890	878	875	860	863	871	873	883	866	879	883	866	867	885	879	861	895	875	880	885	890	885	887	876	878	865	858	875	878	883	874	869	879	851	863	881	866	869	885	863	878	861	874	858	885	873	872	873	869	874	856	882	862	868	875	854	889	889	894	873	883	854	884	875	886	855	863	860	873	875	855	873	878	868	859	903	878	879	878	881	875	879	857	867	866	859	875	872	863	873	869	867	872	883	874	872	877	858	873	879	858	852	871	870	879	859	874	865	871	865	859	873	858	871	866	881	878	883	873	879	870	857	875	858	867	867	872	883	883	857	871	872	861	861	872	859	872	884	866	862	851	862	874	891	867	887	873	875	869	879	867	870	867	872	879	873	859	881	858	871	858	845	868	887	871	875	866	854	857	859	877
868	854	871	889	869	886	885	873	888	864	879	868	874	864	880	873	882	891	884	878	880	865	873	874	883	878	876	870	867	871	857	866	881	883	889	868	883	876	877	868	886	867	884	862	860	885	881	868	873	870	878	880	880	878	877	873	884	878	867	870	878	872	869	877	867	863	868	874	860	879	879	888	877	878	877	867	874	874	865	872	877	877	875	856	880	872	856	873	886	878	888	884	874	875	881	874	878	873	875	876	901	873	872	871	868	878	878	868	871	874	873	873	866	873	875	860	870	867	874	871	874	881	875	877	871	877	858	869	858	867	878	867	866	881	875	867	877	885	880	863	873	882	886	860	855	880	861	877	868	889	876	866	864	870	874	884	875	874	867	885	884	869	871	869	870	886	878	865	882	869	871	871	850	865	882	861	887	859	870	867	880	889	881	881	873	882	864	874	872	880	871	856	885	866	864	865	870	868	889	858	868	859	876	888	873	862	883	856	874	852	885	871	882	879	870	858	871	867	867	875	883	863	855	877	877	867	881	865	864	878	851	864	870	870	877	877	854	867	875	862	870	867	887	871	859	877	869	879	867	871	856	868	873	863	879	870
863	879	883	870	865	879	865	869	885	878	875	864	882	888	881	873	892	867	884	864	888	866	859	876	870	878	869	891	864	875	889	864	881	870	879	880	866	892	887	881	878	879	880	869	880	883	883	898	890	878	889	889	881	871	865	872	872	878	871	872	856	872	869	871	878	884	860	876	873	881	866	866	876	884	868	865	891	874	880	872	888	879	869	876	886	880	881	874	876	877	874	886	873	884	886	881	881	874	876	869	874	868	877	880	874	867	866	890	862	863	879	875	875	877	879	869	867	871	870	879	870	871	879	863	871	869	881	873	881	855	870	878	894	870	875	869	891	877	869	867	872	875	878	878	875	874	863	873	889	869	859	845	872	876	862	887	870	872	874	865	859	859	866	873	870	889	883	879	866	869	876	869	861	863	854	876	876	852	861	865	878	868	868	886	872	865	878	864	877	882	880	869	872	880	871	884	884	882	860	865	870	862	877	870	874	859	875	870	875	883	859	855	879	883	877	871	861	875	871	866	867	862	867	877	891	867	867	865	866	879	855	863	862	855	887	859	873	851	853	885	867	880	859	870	870	873	878	875	877	865	870	867	869	878	862	875
896	882	876	889	878	878	879	874	880	863	871	863	887	874	871	881	879	875	885	865	864	879	887	862	866	862	887	877	869	867	853	867	874	868	863	870	883	881	882	871	867	869	868	885	881	893	870	866	858	860	876	875	883	885	882	886	875	879	872	877	887	883	865	872	884	877	879	878	872	860	860	877	861	870	876	862	874	866	877	866	869	873	871	872	887	880	880	867	876	869	882	876	877	866	870	877	870	876	871	889	896	879	876	879	874	858	857	872	883	879	867	874	870	859	867	867	877	867	887	877	881	892	871	871	862	868	858	873	861	865	874	873	868	854	866	883	862	866	873	855	887	851	881	864	881	873	869	880	870	848	878	876	872	875	862	863	868	872	871	879	869	870	866	873	881	876	881	871	858	858	880	874	877	865	875	862	881	868	876	873	879	876	854	882	870	887	880	893	883	857	873	884	868	879	872	850	866	876	875	868	877	883	864	859	896	866	873	866	857	876	867	862	855	872	862	861	855	869	882	879	870	865	878	875	879	889	876	881	881	869	872	870	858	868	880	860	875	857	860	872	860	863	868	900	862	866	869	876	872	877	859	866	858	864	864	855
868	855	879	901	877	876	877	869	880	880	896	870	880	886	882	874	867	870	873	891	877	879	873	866	875	874	869	884	871	891	859	866	870	877	891	865	879	869	874	871	884	871	876	893	889	872	895	868	864	884	874	885	900	866	894	877	874	856	865	869	880	879	870	886	872	886	869	871	893	866	863	884	865	890	875	867	872	878	879	893	863	884	859	869	888	869	868	867	864	868	864	864	875	870	884	882	872	873	869	870	887	870	866	860	877	877	859	885	874	868	894	883	868	859	868	889	871	866	869	854	880	873	865	884	875	880	872	876	876	883	868	868	884	870	879	866	868	854	863	897	871	862	869	879	860	871	877	866	879	860	883	876	871	859	864	869	880	877	877	858	902	874	878	866	879	883	877	865	885	877	867	854	878	872	872	859	883	885	868	890	859	893	872	876	879	887	866	878	880	869	861	887	877	864	864	872	869	878	868	874	884	870	857	858	877	868	857	864	869	882	864	876	864	884	899	858	864	882	878	865	879	880	873	869	876	885	868	882	880	878	862	868	863	870	877	859	876	869	875	874	859	858	866	873	875	873	859	867	854	877	862	865	875	875	866	867
859	867	871	873	883	901	889	891	878	873	864	874	869	865	866	886	891	862	884	883	891	879	871	886	875	873	875	873	871	867	872	871	860	863	895	882	879	884	885	875	889	871	890	868	879	870	879	893	878	877	881	875	866	883	868	876	875	881	875	876	876	883	862	889	866	870	879	875	872	877	871	873	879	882	868	869	880	869	867	882	872	860	866	875	881	882	874	871	885	878	881	881	879	866	869	870	874	873	881	858	873	877	886	868	863	860	874	863	882	881	876	875	873	867	866	860	863	866	871	883	876	871	867	863	871	866	873	861	881	867	869	872	864	866	875	868	866	878	879	863	880	875	865	879	883	852	879	874	869	873	860	873	843	886	880	876	880	863	887	870	868	854	873	875	873	864	875	866	867	878	890	861	873	875	877	889	882	876	881	856	880	885	884	858	880	872	876	882	875	888	868	870	871	873	880	862	867	863	870	874	867	885	863	863	887	869	886	859	873	881	864	887	865	874	876	854	885	882	853	856	863	870	871	868	882	871	865	877	874	863	867	868	892	869	859	869	888	880	864	861	860	870	870	868	876	860	871	855	866	872	870	877	869	873	888	877
881	881	861	886	869	876	892	874	873	856	884	864	885	876	896	884	868	866	854	876	876	866	861	883	872	880	887	882	881	884	890	879	873	858	874	883	871	890	871	869	893	879	881	883	882	888	897	870	875	881	882	876	891	885	882	887	886	881	878	863	883	877	864	883	871	877	882	882	865	871	876	871	871	880	873	860	873	871	864	872	886	858	881	856	884	867	873	878	874	882	875	882	881	865	883	863	869	880	870	893	875	870	878	865	870	881	873	865	882	865	886	876	862	875	872	865	874	881	891	876	866	871	880	867	892	869	899	884	875	868	844	875	872	873	868	882	875	880	874	882	861	865	884	859	887	886	860	874	875	871	869	892	879	867	867	870	860	873	889	879	879	870	882	864	873	873	881	861	872	886	874	884	864	884	879	861	868	870	868	889	856	860	873	876	870	876	868	860	886	883	878	868	876	867	877	873	888	874	851	870	878	874	869	879	863	863	853	866	863	885	869	880	877	873	872	874	878	870	872	876	865	869	879	858	864	870	870	877	873	866	883	879	880	876	879	875	851	856	876	857	877	869	860	850	864	864	866	866	871	862	864	867	885	853	877	892
864	872	861	885	888	868	874	882	870	878	874	869	873	879	877	869	894	884	885	864	876	887	888	876	866	874	879	870	884	873	877	863	895	884	880	866	867	883	878	870	883	885	891	889	883	875	878	893	888	879	865	893	896	892	877	874	872	874	864	868	883	878	875	876	866	889	873	883	868	881	872	866	867	878	892	870	887	885	867	884	865	883	866	885	876	876	891	873	866	886	862	875	880	877	881	873	885	866	866	878	882	876	875	871	885	859	852	877	861	870	873	882	880	870	869	876	877	870	867	884	872	872	863	865	882	870	874	871	872	871	857	857	891	868	873	856	876	867	868	880	872	850	861	864	884	890	861	862	872	854	861	870	869	878	867	886	879	884	883	869	879	883	864	885	862	871	861	868	878	885	877	868	868	869	876	880	878	880	870	868	886	889	872	883	882	877	882	876	855	857	882	895	874	873	866	855	875	887	880	871	873	873	873	884	899	862	872	874	854	873	881	856	877	875	872	872	866	870	889	866	856	875	881	890	873	870	873	876	875	866	891	862	872	889	875	865	867	854	870	873	870	879	861	865	876	873	869	872	864	882	866	880	884	862	865	865
874	881	870	868	863	865	890	883	878	891	874	875	869	877	879	889	895	878	878	875	878	895	893	883	883	873	889	884	877	879	880	882	870	870	893	896	871	875	873	890	872	879	875	874	897	882	887	879	877	876	887	881	871	892	886	885	872	865	870	885	878	874	868	869	886	889	877	886	866	873	880	896	875	859	868	868	876	873	863	880	860	882	876	883	882	872	871	866	883	871	876	867	873	869	889	880	879	880	860	878	876	871	870	862	871	864	871	875	887	871	888	883	881	867	857	870	885	866	885	874	883	866	883	880	879	869	867	865	866	863	876	887	876	863	893	876	869	880	881	880	868	864	870	880	882	880	882	861	876	857	880	875	874	870	872	876	869	875	869	882	866	882	879	882	901	871	873	865	865	884	875	888	858	884	856	881	872	869	868	872	882	872	870	880	862	879	868	863	872	863	865	886	877	874	889	868	879	876	875	870	874	887	860	879	873	857	869	882	875	878	888	888	857	853	885	872	860	862	874	862	888	878	869	875	873	870	865	878	861	872	869	892	861	868	860	870	870	878	890	880	877	857	877	867	848	852	868	868	869	872	880	866	876	886	882	854
895	897	876	865	864	861	890	884	882	876	872	875	880	879	874	872	863	884	887	881	898	881	876	889	874	877	882	858	884	875	876	861	879	874	879	884	866	883	895	873	888	869	869	877	874	876	888	878	872	883	886	882	873	878	871	861	885	880	887	875	876	872	872	877	883	894	876	874	882	879	879	872	887	885	877	871	878	855	888	876	869	873	883	868	876	886	876	869	870	874	867	876	870	873	875	861	882	887	872	873	892	881	873	874	868	886	890	854	855	874	859	897	873	873	879	869	876	888	888	871	890	872	876	874	871	873	874	868	879	893	882	883	894	865	868	865	877	863	866	868	886	872	861	875	872	871	872	866	883	856	869	860	881	875	864	852	892	872	875	880	880	874	858	881	878	898	863	869	872	877	855	879	872	880	878	873	859	866	884	871	872	875	871	882	885	862	879	867	885	868	873	881	869	868	862	872	886	878	880	867	862	867	873	876	879	845	877	866	878	873	876	860	869	883	886	874	876	874	881	879	871	874	871	884	861	885	875	859	878	874	884	867	881	881	883	864	885	864	872	871	876	876	866	888	879	860	888	889	856	857	868	866	876	882	868	882
895	876	867	888	864	867	872	881	888	880	871	886	886	876	872	875	879	865	886	898	885	883	866	883	861	880	887	875	879	874	880	883	889	877	889	900	861	878	884	886	874	878	899	890	863	889	881	889	875	885	888	878	880	879	884	866	885	874	871	888	871	864	883	861	870	871	870	889	884	873	877	863	882	882	890	880	869	885	885	853	862	866	870	868	880	881	869	875	880	876	868	880	871	880	872	892	886	869	872	872	874	859	872	868	868	873	889	868	878	868	850	850	880	883	868	879	875	880	865	882	887	873	872	868	875	869	872	882	862	879	888	878	881	887	879	874	881	876	875	879	857	882	864	887	873	884	877	866	883	862	884	872	877	867	877	872	882	884	885	872	870	877	862	878	900	877	896	883	885	888	884	876	869	876	880	860	870	902	878	878	874	877	869	875	873	859	878	876	881	884	867	879	868	878	878	851	875	866	869	853	865	875	871	852	880	866	863	877	874	874	881	865	884	881	847	874	894	872	874	863	873	873	864	869	869	894	876	878	864	854	883	886	879	864	885	843	869	865	872	884	859	874	870	868	860	871	891	877	874	880	873	865	870	865	878	864
878	879	871	875	866	889	891	857	869	873	878	881	876	860	878	863	898	880	884	879	873	873	878	874	881	870	878	889	867	888	895	881	880	855	866	885	880	876	877	889	884	874	862	882	866	880	879	887	879	867	866	893	901	885	887	879	860	882	884	881	895	874	855	888	860	881	859	881	870	886	892	871	882	873	893	876	869	857	870	878	868	866	874	869	877	876	881	877	876	862	892	870	890	866	871	870	873	861	875	879	865	864	878	875	891	878	884	881	887	859	875	864	870	889	875	869	882	871	868	885	858	873	867	880	870	893	880	867	884	881	874	880	893	868	858	857	880	864	880	867	870	888	854	878	873	873	888	893	879	894	862	870	866	871	875	869	869	879	899	889	886	860	877	887	874	855	870	864	853	871	865	861	884	870	887	874	878	868	869	895	877	891	870	868	871	870	869	877	870	861	869	878	862	875	900	872	881	869	875	876	876	882	874	865	870	858	983	871	870	881	883	863	867	863	884	873	873	873	865	866	872	866	882	862	849	886	871	879	873	866	875	857	879	866	865	887	876	873	885	878	871	872	870	864	871	881	868	871	886	849	868	866	859	867	874	874
880	871	863	904	884	886	877	871	888	860	877	858	881	892	874	886	869	882	876	893	883	884	873	900	900	879	872	878	878	880	881	874	869	869	882	882	875	884	870	883	873	879	878	871	879	876	891	885	891	869	890	891	880	867	894	871	879	876	865	889	879	887	874	882	886	881	879	873	851	885	892	881	884	855	870	882	882	892	879	877	889	877	864	869	872	878	870	892	874	876	873	881	866	861	874	888	880	865	874	865	882	884	878	869	870	883	878	857	876	855	875	869	882	880	877	875	888	885	878	880	865	870	860	881	860	876	873	866	888	876	880	882	885	854	866	868	879	874	879	863	874	887	891	863	879	891	873	867	867	869	883	862	873	877	862	893	875	850	886	875	880	871	855	863	875	874	891	887	881	875	879	875	855	866	871	873	867	879	873	887	884	879	885	882	863	872	867	862	883	887	868	879	875	873	883	870	867	865	858	875	859	863	880	873	861	865	875	886	862	878	880	863	861	879	859	890	875	866	869	881	859	855	857	870	876	877	869	890	861	868	868	874	881	878	880	868	883	868	879	878	860	877	866	881	871	866	872	867	872	873	879	878	873	856	882	877
870	880	881	879	873	887	872	880	885	868	885	892	886	874	886	882	870	865	893	879	893	873	874	884	881	874	886	893	872	890	873	867	862	878	885	860	889	863	879	888	884	874	883	879	854	886	879	867	865	895	865	875	879	884	879	872	881	881	880	869	872	858	864	886	864	880	875	870	875	854	880	863	889	869	863	870	871	888	878	881	871	891	878	881	858	893	865	871	882	893	872	870	885	875	880	886	879	872	869	872	883	869	876	862	872	873	886	868	879	882	864	871	880	863	887	856	873	860	883	883	884	864	876	871	867	874	882	882	883	879	869	875	859	875	857	876	875	867	873	868	880	857	871	868	864	876	860	881	886	882	882	870	868	879	867	865	889	880	887	865	870	884	856	879	876	875	866	880	871	870	869	865	876	867	873	870	870	870	881	856	877	867	881	868	886	866	867	876	862	867	875	891	874	873	869	861	883	881	862	872	860	877	864	881	882	854	874	880	868	869	871	871	868	882	870	873	865	872	877	855	864	884	890	872	879	882	868	881	868	873	865	884	868	864	878	866	870	874	868	877	867	877	879	878	878	875	856	871	855	877	873	866	875	859	882	882
872	887	890	896	871	892	873	887	880	881	876	880	879	878	882	896	872	887	861	879	886	894	883	864	875	875	879	865	874	879	879	867	868	883	877	885	869	864	865	886	882	872	886	868	879	873	874	875	888	885	874	887	893	878	864	867	881	870	857	882	883	876	857	890	879	889	872	868	873	867	886	896	870	888	871	879	896	869	876	889	865	880	870	882	860	878	872	871	873	872	879	884	873	874	878	893	888	882	871	869	876	890	871	867	876	864	887	879	881	884	884	871	879	882	882	882	881	863	881	891	865	870	869	878	877	880	865	896	867	872	870	876	864	857	868	861	874	870	868	866	864	865	885	884	881	864	876	874	880	866	880	858	861	868	863	884	899	890	868	877	878	867	861	890	872	867	867	870	867	872	859	881	873	869	880	875	878	870	872	874	859	873	883	884	871	863	860	873	850	889	875	888	866	877	870	869	874	885	884	853	868	859	866	862	882	864	873	867	875	885	878	878	845	869	872	889	881	888	876	864	890	872	858	864	864	881	862	873	884	862	876	875	870	870	891	876	873	875	863	871	886	874	881	867	881	881	887	888	865	890	870	875	886	872	863	881
878	899	885	896	886	873	877	880	884	871	886	880	886	882	863	861	882	863	893	863	886	865	883	884	871	873	882	855	890	869	874	877	889	891	870	875	864	872	879	883	887	878	886	883	867	885	869	893	885	883	884	876	874	884	863	874	860	861	864	877	879	880	868	882	886	867	862	868	877	881	891	873	862	878	874	883	856	883	879	889	877	882	861	871	874	882	857	876	871	873	885	880	876	867	888	878	864	874	885	866	887	882	873	870	879	877	871	888	877	877	898	875	890	876	870	885	879	893	872	881	880	881	878	872	888	886	862	883	862	884	859	877	877	861	896	873	870	872	880	888	870	861	882	882	856	867	874	875	885	876	871	861	879	884	866	869	866	863	872	887	870	881	881	886	873	859	874	874	891	888	865	869	883	879	876	872	868	893	881	870	882	874	874	882	873	867	855	893	879	860	875	881	880	865	876	865	874	872	868	874	882	877	860	880	875	875	888	866	874	867	875	880	885	881	887	853	866	870	872	867	882	883	873	862	881	873	853	856	895	878	878	864	862	849	865	849	864	855	876	878	878	878	867	848	857	859	877	851	864	890	857	884	865	864	871	876
875	880	876	893	864	887	860	890	878	866	879	882	879	879	861	881	879	883	897	906	878	875	889	888	887	877	887	884	898	881	878	877	894	871	894	879	860	877	891	881	891	878	862	877	880	873	875	883	904	876	856	869	885	884	876	870	868	878	884	876	875	878	881	882	860	873	889	884	885	872	870	872	872	890	874	883	866	876	875	889	877	879	874	885	882	870	877	883	868	875	875	870	893	878	879	887	869	884	875	869	907	876	874	895	888	879	878	875	883	870	873	897	867	865	877	874	862	877	876	868	895	887	860	880	872	875	887	874	878	872	879	871	881	889	874	879	871	866	860	871	873	869	877	880	887	880	876	880	868	881	866	864	890	878	878	881	874	869	877	863	896	875	876	890	885	886	885	878	863	888	867	858	873	875	884	859	881	868	871	872	871	866	870	877	900	901	865	873	896	852	874	882	866	870	874	887	869	877	877	867	875	870	884	874	877	845	869	888	871	862	878	882	868	877	877	879	891	870	888	876	873	857	885	860	864	878	860	870	880	870	861	880	861	866	869	876	864	876	881	864	876	880	868	862	882	870	874	876	883	877	877	861	864	875	848	868
873	864	868	874	888	864	890	874	885	872	882	891	873	884	888	869	883	888	882	882	880	883	874	879	883	868	895	867	867	889	878	881	859	873	886	893	876	879	864	887	888	890	875	866	907	880	879	877	871	883	880	869	878	889	881	860	888	877	890	874	874	884	876	869	875	881	874	880	850	881	864	871	878	885	882	870	883	873	870	883	861	877	884	885	877	876	852	882	868	884	888	852	887	862	904	858	882	895	889	892	883	871	859	880	876	883	871	879	866	868	875	883	869	867	872	881	883	882	875	860	880	881	891	861	892	884	876	867	860	868	874	872	863	874	854	879	872	875	883	889	873	880	873	901	872	878	878	888	866	864	891	887	862	879	868	863	877	875	869	874	863	882	865	852	871	883	851	860	884	867	867	877	864	866	881	879	868	870	869	868	877	860	867	864	880	868	886	865	860	880	872	863	864	870	868	870	879	876	889	868	869	887	868	878	888	866	883	868	881	882	871	881	866	876	875	869	872	873	878	883	868	872	874	881	863	876	876	877	870	863	872	858	876	867	871	868	881	864	871	873	868	888	870	877	870	862	888	873	874	873	877	876	866	867	856	864
889	881	885	858	880	888	860	864	883	884	882	876	874	885	886	883	870	871	884	871	877	893	865	894	895	856	874	890	869	887	872	871	865	876	893	884	881	882	864	862	872	882	881	874	893	880	869	886	863	878	870	874	873	885	881	859	873	878	886	872	875	884	881	877	880	869	884	878	880	888	876	884	867	878	884	864	872	873	871	876	870	866	890	869	878	869	871	883	866	861	874	879	881	871	880	881	863	888	897	882	868	879	864	882	865	884	875	880	877	882	872	873	882	890	887	874	884	871	887	879	879	890	871	881	873	873	877	883	866	858	862	866	883	879	867	889	865	879	889	859	878	876	887	882	851	877	884	889	879	885	884	880	862	891	862	890	886	873	877	863	883	877	874	862	883	891	872	873	881	865	881	894	882	884	876	876	873	855	866	872	864	890	893	871	862	866	869	862	877	881	881	870	859	884	848	866	881	881	878	884	885	870	868	887	882	864	883	872	865	879	876	867	880	868	877	894	869	882	874	858	863	874	871	855	875	881	867	859	891	861	882	891	859	877	884	867	877	877	878	880	883	872	870	871	858	871	874	877	863	871	877	885	866	883	881	876
879	877	873	884	878	861	890	886	892	869	878	881	881	882	876	867	884	898	881	886	881	888	887	878	883	880	884	879	881	879	890	896	879	878	863	891	874	869	881	877	877	873	884	850	886	880	872	872	885	875	866	880	894	870	871	871	888	883	875	893	877	876	863	871	874	884	876	875	869	869	874	872	877	854	890	887	888	862	881	879	863	866	873	864	869	865	885	880	868	866	874	870	874	886	871	871	873	873	885	883	889	872	882	884	873	864	868	891	870	878	870	860	885	873	871	879	878	882	888	869	869	869	863	878	870	878	878	881	863	885	873	873	878	877	872	868	896	881	880	882	880	864	872	878	877	872	884	890	875	868	866	876	895	865	856	867	874	877	874	882	887	881	862	871	873	865	874	895	881	872	884	863	879	908	872	876	867	863	876	882	874	875	865	860	887	875	859	872	878	861	875	865	876	873	876	879	864	872	880	880	871	878	890	868	880	877	867	877	852	844	886	877	864	872	866	881	890	884	874	875	872	891	884	877	873	880	873	872	860	870	870	868	884	870	879	849	892	878	857	889	864	862	883	874	860	870	873	867	863	870	883	884	845	883	865	863
899	891	869	874	884	877	879	866	881	886	874	881	879	884	885	883	878	879	888	878	881	889	879	884	879	870	872	887	882	893	867	886	895	879	882	881	891	895	885	885	896	883	885	870	898	886	881	882	875	907	879	870	883	887	901	863	871	897	875	866	887	885	872	877	871	893	882	868	876	875	878	877	882	870	871	883	872	871	879	883	871	878	861	861	873	865	869	886	880	884	878	882	881	866	874	871	873	878	877	887	883	872	883	874	881	873	872	871	879	860	878	894	867	877	870	875	887	869	872	883	873	877	894	882	883	878	866	893	897	889	873	863	882	882	880	872	887	875	877	872	880	883	883	874	886	880	865	871	879	877	868	880	871	873	876	876	856	885	878	872	882	876	876	865	872	893	862	868	880	870	868	887	872	896	857	874	875	868	874	866	897	871	880	893	871	872	867	866	884	871	870	883	879	884	881	883	865	873	884	878	883	866	866	870	857	867	883	875	881	878	851	879	863	864	879	877	869	863	862	863	868	864	865	881	875	862	876	882	866	865	881	878	847	897	878	860	859	869	866	871	876	865	876	857	877	866	872	880	874	862	879	878	872	871	877	879
883	876	872	886	891	889	886	896	875	883	874	871	890	881	873	881	863	893	888	876	868	885	880	870	872	874	872	866	891	876	881	874	873	891	878	868	877	888	885	879	874	868	886	870	883	885	870	877	881	893	882	867	872	882	882	889	883	858	881	869	874	889	881	878	874	867	876	868	879	881	883	884	860	893	882	875	866	862	870	871	875	869	883	883	879	871	880	889	853	865	863	882	872	884	882	861	865	876	876	867	886	874	882	864	883	895	857	867	868	881	865	878	885	876	870	864	867	858	890	869	894	865	877	885	870	881	866	878	862	883	868	863	865	873	883	854	871	874	852	883	877	881	863	864	867	880	880	871	876	875	856	874	881	874	873	886	891	864	873	862	881	883	880	882	871	866	885	880	875	855	879	864	880	881	889	881	880	852	878	870	860	874	886	861	881	892	883	869	876	868	874	865	864	876	880	857	858	886	890	874	864	873	879	883	875	858	876	869	877	875	879	864	880	870	879	885	858	878	873	881	880	891	873	884	878	864	873	882	864	857	868	876	873	858	876	866	856	870	899	878	883	876	857	861	875	863	874	874	874	883	863	871	885	879	871	885
876	894	882	877	875	872	875	869	866	887	878	895	882	871	873	887	881	885	889	880	893	892	886	882	886	878	894	869	893	873	865	883	880	866	886	874	881	878	877	891	885	870	863	890	877	884	885	879	891	880	884	884	891	889	882	884	866	877	872	891	880	873	872	880	891	888	880	884	864	889	876	878	880	884	892	882	861	880	880	860	879	882	878	866	880	871	889	887	875	888	867	890	891	885	878	859	869	865	878	883	905	882	860	877	885	866	881	874	876	872	883	878	883	890	876	889	875	863	883	880	874	865	891	879	880	871	880	873	871	884	881	874	858	881	872	886	877	877	890	884	893	876	858	885	876	870	874	879	860	854	883	875	887	866	873	859	861	887	875	878	879	886	867	873	861	887	871	879	880	868	873	855	883	860	882	874	881	875	896	877	875	884	875	878	882	857	884	871	865	873	876	872	861	872	876	862	874	886	874	874	881	871	871	867	881	862	877	869	865	878	871	862	872	898	887	863	867	872	881	885	871	863	872	862	862	885	869	878	873	867	884	868	881	880	873	874	854	860	858	868	877	885	860	873	866	870	874	878	872	867	871	861	881	874	869	875
884	863	886	899	894	890	883	867	881	877	867	875	873	878	880	875	881	872	873	878	877	872	882	866	889	884	886	871	895	886	880	877	891	873	883	886	892	873	876	879	877	884	874	882	883	884	894	881	867	873	860	879	880	877	882	890	881	882	870	873	889	900	871	875	882	892	888	873	879	877	876	872	870	875	882	882	874	877	867	859	879	875	884	873	893	885	861	880	860	872	872	874	890	872	880	888	881	879	866	864	886	886	861	859	884	869	885	878	871	894	882	886	875	877	885	871	885	885	866	876	873	862	886	863	878	878	853	867	889	885	897	864	883	878	882	888	892	875	899	871	866	878	867	875	873	865	879	871	873	886	864	875	881	866	873	872	865	876	869	886	864	888	894	866	879	878	872	877	871	889	883	878	884	857	876	861	889	846	880	878	886	900	887	882	867	869	876	867	873	881	874	874	877	866	878	881	865	878	879	873	870	872	863	855	882	847	876	889	869	879	867	890	878	860	859	867	871	855	864	879	873	879	875	872	893	886	873	867	872	872	877	880	873	872	866	860	866	878	872	875	892	883	873	872	883	878	865	862	866	853	889	874	861	887	874	870
883	874	855	872	871	871	879	895	878	859	867	873	887	879	887	877	876	881	869	883	900	884	850	876	879	884	894	879	880	867	878	887	879	892	883	883	897	869	880	873	879	884	882	886	886	871	896	873	889	875	891	862	866	876	879	881	871	863	882	881	892	887	869	887	872	878	865	898	881	864	885	868	873	880	862	868	874	884	888	887	864	877	888	878	871	876	880	872	861	885	884	878	884	874	874	866	873	894	885	889	875	866	875	882	888	885	861	879	877	880	878	878	883	868	890	881	875	881	868	883	872	887	862	880	873	870	889	877	872	884	883	874	870	872	888	885	895	881	868	888	894	891	874	860	866	879	901	879	882	875	869	866	881	885	881	880	877	876	876	882	870	864	884	880	893	865	870	878	878	862	886	889	893	863	877	887	876	886	875	882	879	872	893	891	889	865	874	870	905	872	868	867	879	860	860	874	863	873	888	880	867	885	882	884	860	859	886	875	866	860	871	865	861	857	872	867	860	890	872	878	877	888	857	874	889	868	870	870	897	864	866	877	863	860	886	881	858	873	866	865	880	877	868	867	860	860	866	870	871	852	870	877	879	859	872	877
890	870	892	898	893	867	889	876	871	878	865	878	896	891	877	884	887	862	893	866	894	877	865	872	877	891	876	892	880	878	887	880	870	878	881	873	864	879	875	880	874	890	875	859	880	881	875	889	871	890	900	873	884	867	875	890	870	868	897	877	893	883	870	874	892	878	881	893	867	866	869	870	882	893	881	876	881	877	886	880	880	864	870	881	880	884	868	883	876	874	866	872	875	874	875	887	880	865	879	883	857	870	866	881	881	862	863	873	882	876	879	901	862	883	882	883	872	879	885	881	887	864	875	878	882	879	868	867	885	891	879	876	865	876	881	883	872	882	868	866	865	858	879	886	881	886	877	871	877	870	873	880	867	878	877	876	886	885	887	880	876	869	880	869	906	880	864	882	868	865	884	880	897	862	890	876	874	880	883	883	872	865	882	857	875	870	868	859	858	875	867	874	869	883	879	865	881	870	883	869	876	886	875	861	882	858	865	871	878	871	871	852	879	891	873	871	882	875	869	890	873	879	869	874	857	870	879	874	883	874	875	861	895	877	879	871	878	863	862	865	873	871	865	849	880	872	873	868	886	872	882	882	874	881	870	889
868	882	867	878	872	878	901	881	891	898	895	874	868	883	881	881	865	866	873	878	882	890	881	876	881	865	881	882	900	878	894	876	897	878	881	879	896	878	873	856	895	880	867	900	888	881	892	863	874	872	882	856	895	875	884	867	878	861	885	876	881	875	870	886	904	884	891	893	879	880	888	871	870	865	880	874	887	879	898	878	869	869	879	873	885	872	876	877	862	886	856	892	862	871	885	866	856	867	889	884	859	894	897	872	858	895	875	876	874	867	885	873	886	885	867	876	874	863	884	885	880	871	875	876	870	872	879	881	876	881	878	863	866	864	878	855	877	905	876	867	871	888	884	876	885	907	870	880	880	888	867	861	884	892	888	869	866	886	878	868	872	877	873	883	872	868	862	876	885	874	876	897	880	886	867	872	882	870	865	861	868	881	881	872	878	880	878	870	874	875	874	879	867	863	881	873	885	875	875	870	858	868	877	875	887	883	872	854	865	895	869	890	883	886	863	866	877	861	873	873	897	884	870	876	884	862	856	869	876	870	881	856	892	880	887	876	882	866	880	877	880	871	871	870	852	870	867	887	887	874	905	865	875	871	869	866
879	875	873	903	874	885	893	874	861	873	862	880	875	868	900	897	888	871	880	876	886	896	879	886	870	871	878	875	893	875	879	871	867	878	893	877	883	873	883	880	894	887	874	879	884	883	877	879	871	886	877	874	887	885	875	874	873	885	898	883	877	876	868	875	885	886	860	874	893	880	891	888	877	874	882	879	854	886	875	893	879	853	859	869	872	889	874	877	864	880	880	875	886	878	870	870	877	877	875	883	871	904	882	881	889	873	854	885	880	846	870	857	882	876	869	865	870	883	876	872	858	869	873	880	878	873	878	876	868	867	882	879	868	886	879	873	879	884	881	881	878	869	882	870	870	873	872	867	881	873	870	890	857	868	872	871	871	878	874	876	855	881	881	879	872	887	864	872	865	866	859	870	886	864	859	873	877	865	872	881	866	876	866	872	874	875	870	869	892	883	877	869	864	868	855	872	870	872	866	873	886	855	864	895	872	861	877	882	873	880	872	886	879	866	868	878	873	855	877	876	873	876	865	882	882	882	860	866	869	873	871	874	885	868	872	873	865	878	884	856	856	862	865	870	862	864	889	884	857	871	880	870	874	864	859	868
888	895	889	892	894	866	875	890	882	877	871	877	883	859	858	879	902	879	891	883	891	869	861	885	887	891	862	880	872	887	871	897	870	872	885	887	872	879	890	874	895	874	875	869	877	889	869	881	864	900	876	886	880	878	878	876	887	878	879	893	882	889	879	879	874	877	868	881	863	863	890	882	878	869	867	877	883	883	886	891	880	869	895	885	873	882	876	897	880	888	877	864	884	890	882	872	866	884	877	883	876	867	872	880	883	874	887	878	874	871	865	867	879	887	875	876	877	887	879	865	878	878	875	869	880	895	879	877	880	862	887	887	872	886	867	885	879	888	897	867	884	899	870	886	877	876	873	883	873	874	880	870	877	872	869	882	871	878	870	868	871	887	879	893	882	873	873	877	868	889	866	864	888	864	872	871	868	884	860	876	875	888	874	874	888	873	878	885	875	872	866	871	880	871	870	881	875	860	871	899	872	875	872	859	873	870	863	868	875	862	865	889	872	867	875	874	890	862	867	885	873	887	875	867	868	884	857	877	883	866	870	878	874	873	877	869	861	873	878	874	878	884	876	863	865	853	864	868	881	866	860	860	868	866	875	880
887	873	877	877	895	879	884	886	892	899	879	870	885	866	893	897	887	876	869	884	878	875	870	868	872	877	877	869	890	874	884	868	862	873	881	874	876	899	878	890	879	872	877	877	873	877	868	880	890	882	884	880	878	869	863	882	866	875	870	877	895	865	875	869	888	893	874	855	862	882	868	869	883	877	883	882	872	887	880	871	867	884	879	872	881	889	858	881	864	876	864	871	872	888	874	866	865	878	878	871	881	868	871	875	887	872	890	885	869	883	858	873	878	872	891	875	874	869	886	871	879	893	880	869	883	873	860	884	866	869	886	870	876	867	874	873	869	874	869	873	882	874	861	880	880	889	897	882	894	872	872	878	877	871	866	890	871	878	873	875	887	863	895	884	867	861	885	875	878	885	868	866	865	871	870	888	867	872	887	875	872	875	874	877	875	880	887	861	890	895	860	883	868	879	875	884	867	874	875	873	872	859	875	879	874	870	871	873	857	873	873	871	870	878	864	892	879	871	891	874	876	873	869	863	865	876	862	862	871	848	860	857	867	873	884	860	868	865	866	880	864	870	884	877	880	872	875	882	874	860	844	865	869	881	864	882
897	884	889	889	889	878	880	896	866	878	883	876	882	871	899	879	884	889	881	885	867	872	872	892	872	867	890	868	862	882	883	881	892	877	883	879	888	886	876	881	893	886	885	870	870	884	879	896	893	887	882	883	896	876	877	881	885	888	890	870	888	894	892	869	891	876	879	878	874	881	870	867	881	881	880	877	869	866	878	858	872	880	883	871	869	898	890	875	857	870	881	889	867	890	867	880	876	871	883	877	892	888	877	897	886	864	866	894	882	873	872	871	877	883	882	876	873	876	885	883	876	850	880	876	883	870	893	862	876	875	877	880	857	870	863	876	890	874	873	889	882	877	867	864	880	871	878	865	874	882	865	861	892	887	873	876	884	874	899	878	870	876	875	875	901	881	862	875	889	870	870	875	879	880	869	873	887	871	864	876	880	881	859	868	870	886	866	869	870	869	867	875	874	865	878	861	869	893	876	873	866	876	860	878	872	879	876	878	885	884	875	872	873	870	876	885	858	868	879	884	862	867	860	855	870	899	867	872	873	861	881	891	874	882	878	878	871	875	871	887	885	873	873	867	883	862	870	884	871	873	857	853	870	865	880	876
883	866	876	894	868	889	875	880	865	868	876	897	880	876	872	872	888	890	872	874	876	878	885	868	875	878	865	882	886	891	883	884	883	875	875	871	898	887	875	881	887	881	881	869	872	887	878	876	890	874	879	861	886	873	875	875	872	883	870	879	887	860	899	877	887	881	890	889	876	875	870	887	872	888	875	877	865	870	886	883	870	868	883	869	863	877	864	861	876	885	898	882	888	876	868	881	867	882	878	886	868	873	867	869	875	880	880	869	862	869	882	870	876	881	886	869	873	874	872	869	872	866	885	884	882	874	865	880	874	869	885	886	900	871	862	880	879	882	871	883	878	887	865	873	883	883	875	876	886	885	883	887	870	875	882	897	863	891	875	875	868	879	887	875	873	876	883	881	877	880	862	893	872	878	880	871	878	884	875	886	861	867	888	863	879	876	877	900	863	871	870	860	880	891	875	867	878	872	887	891	859	875	874	871	897	877	879	879	885	856	880	881	869	872	888	866	860	876	866	880	871	854	860	863	862	891	865	872	883	869	879	872	884	875	894	875	862	884	875	879	879	879	876	879	859	875	871	868	885	857	879	855	884	888	862	851
860	891	872	893	897	892	873	862	874	898	894	864	889	877	875	873	888	880	886	873	888	874	862	887	888	894	865	879	879	896	897	868	887	893	880	872	872	891	882	884	884	866	871	863	892	880	881	875	877	876	886	886	889	872	876	879	875	868	866	888	893	879	856	887	868	892	881	892	877	872	878	870	870	872	870	881	877	881	884	871	878	880	866	898	875	873	880	903	873	883	890	866	885	868	873	853	879	868	866	864	886	865	872	871	874	875	868	888	877	883	859	884	886	872	873	877	880	883	880	890	864	864	897	872	879	882	868	892	880	865	877	876	892	870	858	876	878	872	883	873	886	877	856	879	884	883	872	868	867	876	865	870	882	875	894	892	881	875	879	873	876	872	877	877	870	890	866	876	872	867	879	887	874	866	873	873	887	873	877	870	868	875	884	872	863	878	869	864	896	881	881	882	868	872	874	886	865	876	878	883	875	874	870	865	893	871	879	869	874	884	857	871	878	885	898	874	863	865	858	889	855	873	876	895	882	873	872	886	873	871	874	876	879	878	881	879	858	883	889	864	883	881	893	880	870	859	880	878	864	851	863	856	871	870	875	875
872	879	868	887	874	888	879	880	893	877	866	875	882	882	874	871	895	887	885	879	881	881	899	862	883	848	866	879	875	881	894	893	881	877	856	871	898	874	878	874	869	887	885	867	871	884	873	876	863	891	884	864	882	869	895	876	866	869	868	873	894	895	884	882	872	885	871	878	877	884	876	881	887	872	870	882	880	885	880	869	883	880	872	872	878	887	880	866	894	881	871	880	873	891	884	871	884	878	867	884	877	878	865	871	866	880	889	880	899	871	882	886	874	857	871	867	887	873	892	881	891	875	880	898	878	873	883	870	873	889	872	885	865	890	882	860	882	882	873	881	888	893	877	872	858	870	886	870	882	863	879	869	885	879	883	885	872	878	875	887	854	868	881	911	879	871	872	880	889	871	871	886	878	880	889	895	877	871	880	874	861	888	863	876	873	862	872	881	876	852	873	880	884	880	874	892	856	874	878	873	876	872	865	871	882	878	878	882	887	883	873	863	851	867	867	862	869	867	863	871	877	866	881	861	879	876	881	880	882	867	866	870	876	883	875	869	887	890	881	875	858	869	861	870	877	863	874	874	871	860	869	869	869	871	860	870
892	870	888	881	880	872	885	874	896	882	878	878	873	862	879	877	879	880	889	869	888	883	874	890	854	902	877	883	879	869	875	888	883	881	876	867	878	883	870	864	895	881	891	881	876	869	866	895	876	874	882	879	883	884	857	881	879	859	880	876	886	881	895	868	884	861	882	877	856	880	894	879	882	888	882	889	893	885	872	869	882	884	858	886	876	869	878	881	869	870	874	877	856	876	861	865	870	868	890	872	870	883	872	891	884	875	891	872	875	882	871	883	880	891	885	881	855	890	877	862	896	881	893	862	863	882	864	872	875	867	875	874	868	875	873	883	885	870	871	884	895	866	857	875	880	877	889	888	889	880	878	876	876	870	864	867	876	868	869	872	871	870	878	870	870	867	877	875	865	887	871	858	877	870	879	879	883	884	877	883	865	863	876	884	885	882	871	874	876	854	889	877	871	864	881	870	870	877	878	868	873	871	878	869	876	862	861	873	880	860	877	858	884	878	866	878	879	878	865	891	871	865	863	870	881	879	848	867	867	874	873	894	863	869	867	868	875	869	874	883	872	883	874	879	887	858	875	883	857	877	867	877	893	886	894	859
877	874	880	873	866	882	875	892	876	879	879	881	876	870	885	871	866	878	873	874	891	879	875	874	895	871	895	893	877	869	881	867	896	882	868	870	891	876	899	880	869	871	878	881	858	878	895	879	890	877	869	889	867	885	890	888	896	889	866	875	902	880	890	867	853	879	874	891	865	858	875	881	869	884	893	887	876	872	882	892	873	872	880	881	878	874	858	866	874	881	881	879	887	875	884	872	875	881	871	886	878	883	870	873	879	871	885	881	904	879	887	880	868	878	865	881	868	860	875	878	860	870	872	887	887	872	875	886	867	877	872	885	869	887	876	890	878	870	873	882	873	873	871	874	861	884	874	879	887	890	868	869	861	877	883	864	878	880	882	889	876	867	864	875	882	868	871	880	887	869	876	879	872	877	868	866	881	874	876	876	885	868	875	882	878	864	890	887	867	873	868	893	867	895	882	894	868	869	887	873	865	862	864	867	880	864	877	872	875	882	848	888	872	865	881	880	876	866	868	872	866	862	871	886	886	865	865	867	877	883	908	872	871	864	877	866	878	879	870	860	863	867	875	881	896	859	855	873	872	870	875	869	872	870	875	867
872	884	868	882	874	888	882	876	883	877	858	891	886	875	888	897	873	879	879	900	878	866	879	879	874	865	889	891	879	881	876	872	873	871	876	874	876	888	877	884	881	890	890	870	880	866	871	881	877	858	877	879	872	888	859	876	875	876	872	887	872	867	870	876	881	872	885	871	870	886	876	870	875	869	893	874	879	871	868	876	875	875	871	884	870	879	869	865	874	889	869	856	896	871	894	866	884	874	869	873	869	880	883	888	876	884	882	879	858	868	890	883	883	889	882	873	885	889	880	883	872	878	880	886	889	878	859	856	869	872	885	869	878	894	872	876	870	869	871	884	878	865	874	881	868	889	856	889	862	870	880	876	882	883	881	876	878	881	883	894	892	861	872	865	877	872	890	872	882	882	868	881	858	889	883	868	882	865	882	863	872	879	882	881	881	874	887	871	876	878	893	883	871	876	879	878	865	865	868	885	873	882	862	870	878	858	865	867	881	885	861	858	881	872	866	878	887	858	874	881	873	863	875	885	868	872	851	887	872	866	880	875	881	880	891	858	871	884	872	875	895	861	864	882	873	867	884	888	865	888	875	866	872	856	864	871
879	875	886	852	887	865	883	887	898	867	864	861	887	889	885	884	874	863	898	878	884	879	885	889	871	876	887	880	876	875	880	875	876	884	903	890	879	888	888	869	889	871	880	890	880	886	871	874	885	868	887	879	887	880	872	895	863	861	884	880	885	885	882	884	878	888	872	877	882	881	892	868	866	889	888	892	884	863	876	878	880	868	879	878	881	882	872	881	879	872	885	870	886	861	868	870	891	885	878	872	883	869	868	871	874	869	862	874	881	883	862	895	867	870	877	879	881	879	897	878	875	872	885	872	859	871	876	890	886	879	875	878	879	881	891	879	869	875	884	869	877	884	879	870	860	868	884	873	899	886	870	860	866	883	863	881	874	867	887	895	876	879	869	875	877	892	859	876	877	874	864	873	884	876	871	886	884	896	854	871	869	874	888	875	861	884	885	866	879	862	874	866	879	859	877	891	877	885	903	872	855	868	882	891	876	873	876	863	881	864	888	876	867	890	866	874	872	863	885	871	867	894	881	872	877	883	883	884	864	868	863	871	852	866	884	869	869	874	881	870	860	864	879	868	881	864	884	877	872	862	876	868	876	848	883	862
863	874	864	887	871	885	871	882	855	889	874	871	873	897	898	879	889	890	886	877	895	868	877	875	884	863	882	882	891	878	885	881	883	883	879	872	882	889	879	875	874	879	870	885	879	887	883	889	874	877	879	879	888	881	882	873	885	896	890	877	868	886	884	887	874	876	887	866	889	885	882	873	877	874	886	897	882	894	887	889	876	871	895	867	882	868	879	883	859	891	862	873	883	883	879	887	884	891	891	871	901	872	877	879	853	868	902	872	883	882	884	891	898	885	855	870	877	875	884	891	891	876	869	872	877	873	866	890	874	870	892	883	887	863	875	866	879	871	887	871	881	873	887	875	857	872	890	883	873	872	888	863	861	870	870	888	871	878	875	863	862	879	865	865	883	877	895	876	874	861	862	889	868	873	882	873	882	894	886	895	860	887	875	871	881	884	867	879	865	856	892	873	877	872	858	868	872	890	872	887	892	866	885	858	883	880	865	864	887	881	878	864	880	879	858	883	876	878	875	875	879	876	881	865	873	853	882	874	880	864	872	855	857	872	874	858	877	880	868	879	867	860	874	876	869	889	874	879	884	860	882	865	869	872	874	859
892	888	897	884	879	886	872	878	884	897	881	880	879	882	864	890	866	873	875	874	891	893	888	879	881	875	876	888	883	870	877	874	888	867	877	888	895	894	883	890	894	879	885	893	881	891	867	892	892	874	895	869	886	882	901	889	872	871	887	876	884	862	883	883	868	876	877	869	877	874	864	874	856	898	871	882	867	872	873	881	893	859	860	870	880	876	877	876	881	882	866	880	874	872	861	873	874	881	870	880	856	881	878	881	878	884	872	867	868	887	866	884	873	858	895	877	870	892	869	891	880	873	870	884	865	874	880	881	886	886	875	860	882	875	897	867	868	887	875	872	875	858	867	895	874	883	883	883	879	891	875	873	877	873	875	871	870	874	884	889	863	891	847	878	876	891	867	875	883	866	879	875	883	877	873	901	881	873	868	882	876	884	878	876	865	858	876	867	870	892	887	858	895	871	870	857	873	885	867	859	870	876	878	871	895	875	870	871	875	885	883	863	879	871	864	879	871	861	845	864	877	885	860	872	882	886	884	882	894	875	875	860	875	871	869	871	860	867	879	878	857	872	875	855	867	870	864	873	871	875	875	880	874	865	883	867
889	883	879	883	870	884	877	875	883	901	868	872	881	883	868	876	874	890	883	878	870	881	869	887	889	873	898	876	889	882	872	883	872	888	887	884	867	886	870	909	872	895	887	865	884	866	875	899	886	894	887	879	871	881	885	883	895	887	864	882	881	877	877	874	881	890	876	890	869	880	871	878	883	862	878	877	865	867	865	873	876	870	877	870	868	872	883	884	877	876	872	875	874	860	876	890	891	881	872	894	879	887	884	868	871	893	865	878	886	871	870	888	875	869	873	879	864	871	888	878	865	874	901	864	881	876	887	870	882	878	884	889	863	885	875	888	894	875	878	877	872	873	873	869	880	878	896	906	888	876	869	874	889	880	894	862	913	868	888	871	869	892	872	884	871	866	862	884	866	885	865	887	876	869	886	870	899	876	874	873	897	877	882	875	868	878	880	873	881	880	879	876	870	862	874	863	874	873	881	881	867	881	890	868	872	881	870	875	884	874	868	891	865	890	865	870	873	878	871	872	861	880	865	855	876	884	862	872	885	864	866	871	864	868	852	861	865	872	888	864	858	878	876	884	862	861	867	866	878	867	874	877	877	869	871	873
877	868	890	873	897	860	876	869	878	868	886	880	898	857	874	883	890	881	876	881	879	881	878	872	870	883	866	889	878	891	877	879	888	889	885	872	885	886	872	876	872	888	885	870	876	880	884	878	873	876	882	870	879	886	896	891	897	871	883	892	875	874	873	875	882	877	883	878	877	889	866	891	871	884	884	871	885	879	880	880	871	874	883	882	890	859	859	903	879	871	875	897	875	865	885	865	876	887	882	888	880	874	875	869	880	874	887	875	882	866	887	883	879	873	879	877	871	873	866	865	880	883	888	879	860	878	881	862	881	876	875	866	883	870	890	889	887	877	885	889	900	885	874	878	886	872	872	877	873	909	884	870	886	884	876	878	891	865	862	860	883	865	878	883	860	889	892	869	865	852	882	882	882	892	864	871	877	875	876	890	867	876	889	864	873	871	890	892	860	862	867	883	852	856	873	869	881	878	874	876	860	888	875	871	868	872	874	861	881	890	884	879	888	880	885	892	865	882	874	868	872	886	873	869	860	880	875	876	882	878	854	871	846	873	873	863	865	875	866	892	877	870	861	867	878	854	865	886	877	871	877	882	885	866	851	876
863	871	865	884	891	883	893	888	890	873	875	882	886	875	878	885	883	887	865	883	876	887	875	884	861	888	875	885	890	876	870	875	876	895	872	875	871	876	867	870	859	883	892	865	875	871	889	876	884	887	885	872	888	866	879	886	876	884	875	887	871	882	880	883	873	869	875	872	883	880	880	881	870	887	888	868	876	893	877	872	878	884	872	898	864	883	880	882	871	882	877	876	875	881	889	864	874	889	876	870	878	875	864	890	887	863	883	860	881	873	887	857	884	864	882	883	870	892	884	883	891	875	880	880	869	883	875	876	874	884	889	877	880	879	878	872	880	888	885	873	888	870	880	896	880	868	873	876	888	874	882	872	878	868	883	877	876	859	880	861	878	874	883	888	882	879	881	863	866	871	891	876	881	867	887	873	864	864	891	883	862	894	858	869	869	869	855	883	878	870	866	865	871	877	873	863	880	879	872	876	877	864	889	874	894	868	872	880	869	877	872	874	878	860	874	876	859	875	874	877	892	891	893	879	862	884	865	870	885	869	870	882	867	876	880	875	863	877	868	882	881	865	876	890	875	872	866	862	869	883	886	867	875	872	873	873
866	901	871	869	888	887	884	877	882	884	897	870	866	865	862	886	879	875	884	881	873	885	875	856	880	880	870	887	870	890	882	863	887	887	889	879	859	887	889	882	873	885	877	874	881	890	882	872	877	856	873	887	882	894	886	874	873	875	883	893	889	878	881	891	876	900	867	888	883	882	868	869	866	869	857	888	854	867	880	878	870	875	861	870	867	865	885	886	875	887	876	878	875	889	879	878	875	873	876	893	863	871	886	880	868	867	875	879	872	874	877	885	873	890	883	866	874	866	881	869	881	877	865	880	868	864	888	874	884	880	872	870	885	878	876	884	873	872	883	874	888	880	872	875	891	866	890	886	879	877	871	891	881	885	886	865	893	886	888	887	888	864	871	860	885	892	880	869	862	866	874	884	870	879	879	861	858	895	867	891	882	861	881	871	875	875	882	884	879	899	865	877	880	873	867	878	872	880	874	863	865	882	882	881	889	850	865	877	886	880	867	874	874	889	860	891	885	877	854	868	875	860	866	879	890	875	848	871	891	871	867	882	881	871	873	865	881	874	863	874	878	882	873	869	885	859	873	886	860	874	883	860	859	870	885	879
865	879	870	882	868	864	897	873	883	868	864	878	882	879	878	874	875	889	883	891	877	881	870	885	877	884	876	885	884	882	876	874	886	878	881	888	883	883	875	864	890	875	875	881	882	895	895	881	878	867	875	881	890	877	875	877	888	873	870	877	872	888	878	891	876	876	882	863	889	876	882	875	885	876	878	885	865	868	862	873	876	870	878	881	884	868	875	881	870	876	878	885	894	873	862	889	890	871	870	865	864	875	871	887	868	886	881	881	869	866	885	884	880	880	873	892	872	896	860	874	868	876	876	878	877	900	888	882	881	854	884	868	859	878	869	870	866	871	867	878	875	869	879	875	869	885	870	879	885	876	870	877	881	874	894	881	878	874	883	881	874	875	863	877	870	879	875	885	870	893	879	877	866	871	866	887	872	879	875	871	881	872	867	879	897	864	902	887	877	880	870	869	873	868	860	887	884	878	876	858	883	876	869	884	883	857	870	888	882	865	870	861	866	871	886	873	882	861	891	869	876	877	894	859	880	884	868	855	861	872	876	876	869	884	876	858	868	868	850	864	893	864	870	869	864	864	874	881	880	856	874	883	880	858	886	871
865	880	885	860	866	872	884	862	874	891	874	882	865	891	895	889	869	872	877	873	876	886	868	870	902	882	881	890	871	879	885	872	879	879	893	898	870	867	885	880	887	883	871	884	878	865	879	877	864	883	878	881	892	880	875	881	882	886	894	877	868	893	891	897	872	884	878	885	872	868	882	891	876	878	896	877	889	894	861	874	868	872	873	876	865	866	882	892	884	874	891	889	888	884	867	887	872	886	896	865	883	888	885	886	884	883	882	868	881	886	881	879	880	870	869	884	873	868	883	890	880	858	882	891	867	890	883	881	895	883	893	871	878	893	873	868	885	883	868	894	872	884	907	882	887	884	878	887	879	877	874	887	895	879	878	879	881	885	867	885	883	884	896	887	886	881	876	868	863	879	872	872	882	891	873	894	870	875	889	884	883	887	869	884	866	883	865	882	872	877	881	884	887	880	878	876	882	883	870	881	872	869	847	873	886	864	862	893	886	863	884	883	880	875	865	870	857	872	881	878	873	884	876	876	869	878	876	888	864	868	881	866	878	874	872	872	865	873	877	890	868	872	870	878	865	862	870	873	863	858	877	871	882	861	865	868
875	883	877	893	883	885	885	884	888	883	888	860	876	880	883	872	870	870	890	877	882	883	871	891	880	889	895	891	867	884	894	881	887	883	884	875	864	891	889	894	893	888	883	874	861	870	888	885	879	884	877	888	878	877	884	862	866	891	856	884	889	877	881	890	886	876	890	874	877	883	874	871	903	888	889	879	875	887	884	880	877	869	905	890	894	892	884	878	883	879	882	886	867	865	871	881	877	875	876	885	892	876	873	886	878	872	888	886	885	879	876	868	887	874	875	896	886	877	879	887	886	863	888	895	887	881	881	886	885	875	870	880	881	890	883	893	892	888	883	877	876	882	868	879	880	894	871	854	885	898	879	893	883	886	877	879	868	883	865	868	877	866	871	878	874	872	889	869	879	861	884	874	878	871	878	870	883	871	869	885	865	871	865	876	888	860	875	864	880	856	864	891	890	886	884	872	883	867	883	882	888	877	873	877	911	866	868	874	872	875	867	872	883	852	873	853	872	885	882	872	868	870	872	881	856	870	881	876	866	870	869	852	870	883	887	880	866	853	883	887	860	879	870	871	855	882	877	889	875	883	875	852	882	877	859	877
880	863	875	873	892	866	887	883	872	892	889	889	871	878	888	890	892	873	895	882	881	876	872	871	881	886	872	894	869	888	869	872	885	866	872	884	870	870	885	862	890	885	875	880	869	881	886	881	892	872	884	875	876	890	874	888	879	890	875	869	874	879	879	875	878	885	867	889	885	891	886	885	890	884	875	861	894	899	878	887	884	889	879	875	877	890	882	881	875	876	871	879	872	887	898	861	861	896	885	895	900	882	876	876	883	880	887	894	890	871	894	865	881	887	891	871	874	886	857	893	867	857	867	880	892	863	874	875	864	878	889	883	871	900	881	882	889	881	894	870	881	876	890	887	893	900	886	867	881	884	856	875	885	880	866	874	885	882	870	899	879	872	855	869	891	873	894	861	894	873	882	881	876	885	878	891	862	900	870	859	875	865	858	873	879	877	892	885	876	877	872	884	860	864	886	872	872	884	872	869	890	878	880	868	886	857	877	868	874	881	862	870	870	863	882	871	877	871	871	869	875	882	877	877	874	885	867	886	898	881	864	879	877	879	896	870	883	882	877	874	867	879	879	870	883	869	871	879	869	859	856	869	877	878	867	868
865	870	873	868	855	882	881	888	884	885	889	862	878	876	880	876	863	865	870	870	880	897	892	857	889	874	886	864	874	880	881	875	890	869	888	874	901	877	884	878	881	898	886	872	897	874	887	877	880	874	879	893	874	874	877	871	868	879	879	858	881	884	891	877	871	874	856	867	888	879	885	874	889	890	883	886	899	898	889	881	883	885	877	892	874	871	876	874	890	887	869	868	877	869	877	876	866	884	882	886	880	857	898	883	871	892	868	873	883	883	874	888	880	881	869	875	886	894	888	902	889	883	891	864	883	872	873	873	884	889	884	892	880	888	876	876	890	880	884	884	872	871	884	872	898	882	863	868	874	881	895	867	890	875	866	887	871	879	865	879	875	877	879	880	887	887	886	881	884	881	883	869	872	886	880	879	882	890	879	890	877	883	871	887	871	884	865	879	857	877	872	876	869	870	890	870	866	880	883	881	879	867	884	871	878	869	871	896	873	875	858	875	880	890	879	881	869	876	883	849	858	860	860	871	886	875	878	874	883	865	875	851	857	881	880	859	883	890	864	872	865	875	865	860	886	862	857	884	878	891	871	872	870	883	879	857
884	868	874	873	884	866	880	889	876	890	891	878	892	880	873	875	889	882	858	880	893	870	911	877	888	870	899	871	870	890	877	873	865	889	893	876	892	884	890	884	870	870	880	879	860	879	877	894	893	884	875	870	873	868	888	907	875	874	878	890	897	891	881	863	891	882	881	872	877	873	877	894	898	888	882	880	869	881	888	881	874	886	880	890	888	889	867	884	877	868	892	891	894	868	864	898	887	881	878	884	883	883	880	885	874	879	869	890	886	883	875	872	875	873	881	871	884	855	864	870	863	884	877	878	859	881	874	872	871	875	890	901	874	889	883	885	862	887	886	877	880	885	883	891	880	874	876	879	879	880	861	890	873	877	882	876	897	896	888	887	884	888	864	876	877	880	866	874	872	884	878	883	881	866	874	887	867	886	883	873	855	877	867	887	876	879	874	875	865	884	887	877	871	884	878	875	878	865	878	871	891	889	878	865	869	875	866	883	874	876	877	865	883	859	864	880	876	875	877	880	866	870	865	864	862	865	875	882	872	857	874	865	877	888	880	857	870	864	876	872	866	883	874	852	858	885	867	871	884	859	874	865	847	874	871	881
887	866	892	893	887	877	881	882	894	855	884	884	883	889	871	874	874	877	892	881	879	893	868	894	872	885	874	890	887	886	888	897	877	881	867	870	884	882	884	885	889	884	889	870	870	882	882	890	875	881	885	891	897	869	868	878	869	888	878	874	885	870	872	871	899	876	873	880	875	887	882	876	892	891	863	887	872	884	867	879	891	860	878	879	873	861	898	879	885	876	876	897	889	860	884	878	872	888	880	884	875	872	880	884	862	863	882	892	886	881	875	881	880	867	874	879	874	884	879	883	877	883	868	883	875	872	881	880	889	889	878	904	872	888	882	879	888	880	890	877	871	874	882	879	880	889	867	899	877	880	882	879	885	870	878	885	893	868	871	881	886	894	892	887	868	875	861	884	875	876	891	876	874	885	882	895	882	899	884	889	881	883	865	886	886	882	857	884	865	871	863	874	860	864	893	873	877	870	880	870	876	876	881	880	883	864	874	880	880	877	872	873	880	884	880	880	868	886	866	884	874	876	877	863	864	859	888	898	881	868	879	880	859	874	870	879	878	863	871	885	885	875	875	873	874	866	871	873	884	897	869	875	882	882	880	874
882	884	883	892	879	875	878	867	892	865	883	879	889	866	894	873	871	896	891	881	878	877	882	871	882	877	880	871	905	895	884	880	887	884	891	890	882	891	898	877	889	877	861	889	888	882	880	876	880	882	891	884	884	870	891	875	884	870	885	883	883	864	881	884	879	887	886	876	874	879	885	881	876	879	889	874	880	892	881	882	893	888	878	878	885	880	880	877	877	868	870	886	866	884	880	897	887	861	888	870	876	893	870	882	879	892	870	869	881	875	878	875	876	880	893	873	873	876	868	874	878	870	858	890	899	877	877	881	875	873	878	886	872	897	880	865	881	890	882	870	866	892	873	873	875	879	886	880	892	877	877	899	884	882	882	916	885	886	879	873	880	876	875	893	872	884	888	881	880	872	876	876	882	880	870	872	870	887	880	891	868	859	857	872	885	874	879	872	870	866	875	863	894	867	877	867	881	873	869	882	863	854	876	876	889	863	873	864	888	878	867	882	872	850	879	891	885	866	877	879	885	892	881	872	877	884	860	876	882	882	876	872	880	869	881	866	862	888	892	858	865	881	880	878	881	858	866	870	875	878	877	873	883	869	869	850
874	896	869	883	884	883	880	876	883	878	887	888	898	877	881	889	866	893	880	888	872	887	874	880	874	878	879	889	880	879	887	877	872	872	875	881	894	872	880	871	874	877	878	892	873	891	898	867	884	892	865	875	881	870	876	880	881	878	885	880	894	886	889	898	894	897	879	878	881	889	888	869	869	864	882	876	904	870	880	881	858	878	871	876	866	871	883	867	870	871	891	877	893	867	875	887	884	866	891	871	875	894	879	885	885	869	879	883	872	886	874	875	883	884	865	867	889	877	892	886	887	864	870	870	863	885	860	877	885	881	882	874	886	872	882	873	881	895	870	867	884	884	881	879	883	866	884	884	893	873	883	882	868	888	900	877	871	884	874	894	876	873	876	877	893	896	892	872	880	860	884	874	876	880	890	888	877	882	872	883	864	870	875	868	869	882	859	883	878	878	871	883	855	869	883	871	867	863	878	875	883	877	853	881	879	879	888	870	876	865	871	874	879	874	862	865	875	855	873	871	866	887	863	852	865	889	865	865	878	878	888	878	890	861	865	866	867	897	866	850	871	867	882	857	867	869	873	877	862	875	876	872	878	883	875	878
880	869	886	870	879	864	880	883	879	887	866	878	877	877	879	873	877	888	868	883	878	886	866	874	899	881	881	889	889	883	888	868	890	890	881	884	894	899	879	876	870	885	885	869	870	875	878	864	888	877	879	881	870	870	870	877	882	885	887	877	872	885	890	885	886	880	880	893	876	869	860	912	884	882	884	882	876	868	867	876	873	888	874	881	900	874	880	877	878	884	867	894	874	879	882	865	887	865	877	867	874	871	882	872	873	863	895	883	858	870	887	879	865	871	869	867	883	868	883	876	875	871	880	877	886	885	869	874	884	889	878	870	875	886	876	887	881	869	875	886	887	868	868	887	879	881	874	862	895	855	878	883	891	865	885	859	885	883	876	870	903	888	881	880	877	867	884	874	882	878	869	862	887	887	867	892	885	875	879	877	880	864	867	875	868	880	862	885	867	872	886	857	872	879	870	877	878	884	877	843	880	863	872	884	885	856	883	880	866	890	896	881	860	865	879	878	876	890	882	869	867	858	863	881	884	879	873	855	884	870	881	866	863	872	881	878	877	873	874	866	875	870	874	883	881	869	877	871	871	872	868	864	865	881	878	882
867	877	874	885	871	873	888	873	882	877	870	866	870	887	872	887	875	889	881	886	867	887	864	868	887	873	877	876	878	881	884	874	880	867	892	886	889	886	875	886	889	894	889	877	885	892	883	882	866	864	880	875	871	867	882	880	869	893	881	881	850	884	892	866	876	879	888	882	869	868	877	876	873	890	876	872	862	880	877	872	882	875	864	886	866	875	871	872	873	869	873	879	868	878	878	880	871	874	875	871	898	873	893	861	891	871	874	868	878	901	873	873	878	869	870	868	886	895	866	875	868	895	887	881	901	872	881	881	868	896	878	884	882	884	880	879	888	877	872	858	873	886	888	870	883	882	865	876	895	887	891	878	868	879	865	869	875	870	887	878	872	885	871	877	877	880	858	905	884	876	870	885	864	882	876	863	880	882	859	868	869	890	873	897	878	878	879	876	884	871	871	881	860	874	863	863	886	880	881	889	875	855	884	878	890	883	871	872	865	865	881	883	876	870	876	870	889	864	883	888	877	888	872	877	886	886	878	852	882	861	869	853	866	877	870	856	876	861	864	867	874	874	882	856	859	879	873	857	864	893	855	860	874	864	868	879
892	878	883	877	868	874	879	883	872	892	887	871	887	874	874	885	877	875	881	885	884	870	877	866	876	890	869	874	873	876	869	872	879	884	868	862	890	889	884	878	883	895	884	884	891	869	877	868	884	885	880	870	876	890	876	866	879	874	877	862	885	879	885	864	885	880	879	882	874	888	866	871	887	893	882	881	869	869	878	889	864	882	868	893	888	890	877	874	888	884	889	876	883	870	884	884	902	869	867	884	884	875	882	871	870	874	861	881	879	889	869	878	888	875	888	884	895	904	859	886	876	877	882	883	873	868	874	887	869	872	874	875	871	870	886	885	885	879	879	883	888	874	867	857	867	896	875	897	874	873	898	881	898	905	872	895	878	877	864	874	889	881	860	878	879	870	878	880	865	885	873	881	880	884	888	876	874	870	880	866	864	879	871	886	873	872	889	873	879	872	868	880	882	883	874	870	874	879	885	889	867	891	889	880	866	865	877	884	876	871	868	866	894	880	873	868	889	879	878	858	876	872	879	869	867	880	862	871	866	869	878	865	879	869	898	891	876	869	874	861	881	888	868	877	882	878	876	876	868	867	873	880	858	876	897	868
901	891	874	880	874	880	875	883	892	873	884	897	883	868	880	876	870	891	880	888	884	889	883	864	888	898	898	873	868	894	871	877	868	866	889	875	878	864	889	880	871	893	872	878	864	883	882	890	881	890	877	883	877	882	889	886	879	884	863	874	885	869	872	883	879	878	866	880	899	865	885	871	876	877	888	884	865	864	886	866	870	886	870	893	889	881	881	885	882	872	886	884	886	871	882	879	876	863	863	875	865	876	885	863	867	868	884	872	871	883	884	878	888	877	885	894	881	874	872	870	875	872	897	908	873	877	888	866	880	884	876	888	871	890	884	882	876	865	887	884	889	884	870	871	872	876	878	883	883	880	878	875	873	891	876	885	879	890	877	890	882	875	867	884	873	893	867	889	882	880	872	893	878	891	898	874	876	875	883	865	891	894	879	869	870	873	885	873	876	867	860	860	874	856	893	888	872	875	884	886	882	870	887	878	881	857	867	893	883	888	858	877	878	867	866	875	870	865	859	881	871	861	878	873	874	867	876	873	878	859	877	884	896	877	881	866	892	866	874	868	863	876	873	877	876	881	872	882	870	872	866	868	891	877	860	867
872	872	869	876	887	886	890	886	868	871	887	887	871	874	887	883	883	879	885	889	887	885	877	874	888	871	888	892	865	886	881	886	870	876	887	874	855	879	890	871	881	861	875	887	883	882	894	881	889	863	889	881	886	876	879	886	878	859	876	867	887	871	881	888	891	865	889	870	866	877	896	886	887	891	882	882	885	867	877	883	873	874	891	880	893	880	883	895	894	894	876	879	881	879	865	876	887	878	885	854	888	881	881	860	863	874	876	888	896	885	877	882	888	874	864	892	881	874	887	880	890	882	873	883	880	883	877	868	871	880	893	898	882	877	870	896	889	887	872	869	896	874	871	870	874	882	861	885	889	871	895	890	878	886	885	879	887	897	887	894	879	871	880	877	881	869	863	898	888	888	864	889	877	892	874	878	880	870	886	863	883	878	893	875	865	873	861	878	869	892	874	872	873	866	886	879	880	876	879	887	875	872	870	863	873	883	880	863	877	856	875	874	883	874	870	863	893	885	873	881	867	876	860	856	874	867	858	894	876	861	881	895	863	896	872	866	883	875	892	880	861	875	881	878	874	876	869	876	889	867	868	872	880	892	865	866
882	871	895	890	879	881	871	879	891	869	870	881	885	875	872	897	882	886	891	870	878	891	879	865	883	871	887	873	866	875	889	889	862	873	875	882	882	891	890	869	877	883	875	863	894	876	883	859	889	869	878	899	883	904	882	883	893	867	872	887	863	880	889	854	901	873	870	880	883	874	882	865	878	873	873	869	886	891	882	870	888	885	871	875	877	886	890	887	875	874	901	895	873	869	879	880	879	876	876	877	892	891	884	880	886	888	879	878	882	889	878	879	881	883	872	875	891	898	885	876	879	881	871	876	898	867	870	875	884	891	893	865	891	898	883	874	880	885	899	881	893	864	890	883	876	868	880	883	885	882	888	878	877	886	867	888	869	870	893	885	866	882	879	888	876	869	867	865	884	880	874	881	876	884	884	853	878	882	868	874	886	891	895	876	881	869	853	877	864	878	878	872	872	882	887	889	870	894	877	857	878	855	895	884	890	869	857	865	850	883	862	884	856	887	865	875	880	870	875	862	863	888	875	853	893	857	894	873	874	872	856	881	876	869	872	870	862	904	872	884	847	889	854	872	850	861	882	885	880	859	848	877	882	860	863	890
863	874	892	886	873	883	881	868	881	876	889	884	894	876	886	874	902	873	864	889	881	897	880	880	888	886	872	884	876	866	881	870	878	886	873	866	873	887	885	868	893	872	871	878	866	894	882	865	887	887	897	893	890	885	883	876	888	863	876	897	872	882	881	870	888	872	889	870	875	872	874	870	863	877	874	875	877	893	898	879	875	890	884	877	875	877	885	870	876	881	868	890	875	870	884	880	895	879	875	880	866	893	893	867	876	881	870	910	891	878	890	887	873	869	881	893	881	868	870	880	872	884	902	897	858	890	874	887	870	881	885	879	879	899	876	860	877	875	895	882	900	882	883	889	877	870	901	883	872	878	867	884	877	882	881	889	880	880	873	896	884	876	876	886	882	882	876	870	887	889	877	880	871	879	868	882	890	859	877	886	883	867	875	882	879	881	893	897	877	883	870	866	872	884	861	869	887	866	878	880	864	887	891	877	882	862	875	897	860	877	871	881	876	888	860	877	892	858	860	864	876	876	877	866	864	874	878	862	861	856	865	873	877	874	878	864	866	874	875	857	878	879	885	875	886	869	871	880	883	873	868	877	872	867	870	876
872	876	882	890	867	872	884	875	889	879	888	870	891	874	881	868	879	889	877	880	878	865	870	874	878	893	884	901	885	863	894	880	884	880	871	861	884	892	882	879	886	880	892	883	885	879	888	880	869	880	883	880	888	874	888	873	880	874	887	896	872	872	873	881	876	882	874	872	892	882	877	883	884	878	879	874	875	882	885	865	885	871	873	868	874	878	863	876	896	871	873	891	878	888	861	892	883	893	874	874	884	881	876	877	879	862	886	876	892	889	873	891	882	876	878	862	889	889	880	863	885	886	890	880	873	862	893	885	876	884	877	872	882	880	872	886	894	863	870	872	877	881	883	889	882	862	884	879	890	875	881	866	879	887	877	874	883	891	877	876	891	881	877	880	892	887	868	878	878	882	883	876	889	875	875	885	876	878	875	881	884	884	871	875	878	876	882	869	883	877	854	877	878	885	884	879	884	863	888	866	877	878	869	876	885	864	873	860	878	884	864	864	864	877	868	864	882	866	882	896	856	881	885	869	876	874	856	862	870	850	865	858	887	877	875	870	871	887	880	857	861	869	873	868	866	874	870	872	874	877	867	869	872	879	862	875
889	880	867	873	886	876	874	895	880	889	880	883	893	894	874	870	875	888	879	873	875	871	880	889	864	887	877	880	868	870	879	872	876	872	887	885	886	884	906	885	878	877	876	887	882	881	880	896	899	871	884	884	872	883	857	880	888	874	869	896	880	884	889	900	878	866	884	878	880	885	877	888	883	892	892	880	882	871	884	872	878	867	877	878	898	879	877	880	887	883	881	886	872	887	881	862	891	904	869	872	875	869	874	876	886	883	886	881	860	905	891	873	874	862	876	877	880	889	883	870	884	904	884	907	869	888	876	878	893	872	888	880	889	906	888	906	894	880	881	874	893	885	898	900	865	876	874	875	892	896	870	887	889	890	874	881	875	876	887	867	876	891	870	871	871	886	895	873	869	893	871	893	874	880	870	879	874	879	878	877	881	871	867	879	882	880	879	867	867	869	868	885	881	879	872	876	860	874	873	874	886	852	869	894	881	865	878	888	871	878	864	873	872	865	875	880	858	866	876	873	870	869	875	870	880	879	886	867	879	870	873	871	879	873	877	866	861	875	888	870	883	868	863	870	881	871	862	875	871	876	875	863	873	875	870	863
884	863	890	884	877	886	877	889	892	888	877	866	874	888	860	888	879	873	878	876	890	883	886	869	874	867	877	871	878	859	869	882	871	877	869	874	893	901	876	866	865	872	860	874	873	884	878	870	891	870	882	885	885	871	851	863	876	866	875	887	873	884	879	879	889	888	878	875	883	880	884	891	883	881	884	870	885	857	876	890	883	880	880	888	883	889	862	888	886	889	892	865	872	859	888	882	856	882	887	890	885	884	877	879	885	876	884	886	873	872	884	876	883	896	886	872	878	881	876	885	874	897	880	876	872	873	874	874	892	888	882	891	897	890	896	895	889	892	893	884	879	892	884	866	862	909	882	882	881	877	878	877	903	892	870	879	864	877	876	895	897	886	880	874	891	874	897	878	887	907	871	872	879	895	893	885	888	879	887	888	880	884	871	873	884	876	858	869	884	866	870	877	878	864	879	875	874	861	888	861	857	863	872	884	864	890	871	876	880	862	887	863	876	874	867	873	865	886	881	877	868	888	871	872	870	886	880	885	864	871	881	866	880	848	893	874	875	870	868	870	871	863	853	858	877	883	893	866	875	872	861	876	871	885	872	882
849	876	860	889	898	878	888	886	878	879	873	886	867	893	891	888	885	883	876	879	882	886	891	888	887	887	893	881	894	883	875	884	872	887	895	883	874	864	887	879	879	889	874	873	875	885	882	879	858	881	886	881	877	885	884	883	884	872	882	880	887	886	872	877	906	885	889	888	868	887	884	884	878	876	891	868	882	881	890	875	878	883	884	907	887	885	867	882	883	873	886	869	867	883	890	879	884	881	861	885	873	886	876	882	876	886	875	882	879	882	877	885	871	885	889	874	876	871	876	888	885	866	875	880	878	884	869	877	886	881	866	870	892	865	878	867	879	866	878	889	885	887	877	881	868	890	887	880	902	884	877	887	872	875	890	880	875	880	881	891	882	869	864	886	875	875	892	880	873	887	871	884	886	886	879	889	874	879	879	881	898	887	877	883	880	871	893	880	857	876	881	884	892	874	886	874	888	880	871	895	893	880	878	875	883	866	852	873	869	883	865	878	878	862	899	892	873	869	877	869	870	880	878	880	870	877	860	867	856	869	872	884	875	868	862	852	862	877	872	869	874	867	868	858	852	865	869	880	867	878	882	854	864	879	865	875
878	864	877	898	888	881	890	872	893	864	894	887	892	892	880	881	879	880	896	864	878	891	882	902	886	883	879	883	891	871	891	877	893	869	875	889	880	878	888	875	886	880	877	880	889	883	894	858	874	894	887	879	887	881	869	869	897	883	878	878	894	876	883	867	869	873	882	897	881	888	902	871	866	886	894	889	881	873	883	885	884	888	898	897	878	862	882	881	894	879	883	885	896	881	877	883	886	904	860	880	885	883	894	880	884	890	881	879	888	888	879	878	881	884	884	877	879	888	880	894	888	885	878	896	881	882	884	871	886	872	881	890	875	861	878	876	897	891	884	883	878	874	883	878	903	887	883	883	879	877	871	875	885	871	884	875	883	880	875	874	879	865	874	877	871	871	882	879	870	907	883	881	891	887	879	871	888	869	867	875	863	866	880	869	863	893	893	874	896	883	886	882	871	860	871	883	885	883	872	885	863	880	877	858	876	857	878	874	875	858	878	889	871	885	859	877	874	863	870	879	888	871	871	859	887	858	863	863	879	865	889	879	879	853	870	860	881	877	900	859	872	870	856	886	875	872	875	878	867	859	874	857	877	875	873	879
901	890	885	899	887	886	861	872	889	877	891	886	876	870	878	885	887	904	883	881	882	861	876	867	888	885	878	896	885	868	872	887	884	860	870	882	863	894	874	869	885	881	877	873	882	894	882	906	902	891	883	877	883	861	875	875	882	897	884	879	879	869	876	892	875	867	868	876	888	879	887	890	890	884	879	877	901	887	876	877	888	870	881	878	876	884	889	880	891	868	880	868	876	885	890	876	878	892	878	867	894	887	900	873	883	897	889	886	880	879	868	886	887	876	895	882	901	875	872	885	901	894	885	874	892	884	875	886	883	878	870	889	889	893	883	899	870	890	874	875	885	875	893	885	879	884	881	866	890	873	864	886	883	869	872	860	885	873	860	898	886	866	876	878	877	879	879	866	891	866	885	887	877	891	893	882	893	872	891	890	895	880	872	877	881	895	888	880	882	872	891	882	868	871	876	893	865	876	893	870	890	884	884	896	889	869	866	860	874	870	870	871	852	859	879	887	865	878	861	855	883	864	889	866	873	885	866	874	885	890	876	863	869	874	897	862	871	856	873	870	873	873	874	874	873	862	874	879	875	856	863	883	869	877	872	873
868	877	872	882	885	872	880	856	887	876	868	880	886	893	876	878	894	873	878	882	879	883	886	875	881	861	895	887	881	878	876	883	871	860	881	894	871	875	880	862	875	879	889	886	875	879	869	884	895	869	883	874	884	881	874	883	885	894	904	885	885	858	875	884	896	870	871	873	884	880	879	875	872	866	882	881	887	876	895	875	872	891	876	889	889	878	893	890	876	886	885	888	881	860	883	894	874	878	882	881	877	863	863	891	872	882	877	881	891	864	869	892	888	891	860	862	896	876	893	878	875	876	880	874	889	881	884	886	889	878	874	870	867	896	871	909	883	885	880	871	868	877	884	878	869	882	870	858	881	892	895	889	891	888	894	861	902	865	880	869	886	887	874	874	888	889	883	885	875	876	880	889	870	879	880	880	896	861	897	868	878	904	880	868	888	871	864	872	874	874	857	876	878	885	897	864	874	869	876	858	862	887	856	858	887	869	875	860	879	887	870	877	870	881	855	859	874	873	856	879	863	871	884	880	877	859	863	862	862	880	869	867	869	869	874	864	881	870	868	865	864	862	873	872	872	872	873	856	860	876	882	860	880	878	862	879
894	873	885	880	891	885	876	886	874	871	876	888	891	871	877	886	876	889	891	882	883	906	882	879	857	885	865	883	887	866	876	880	885	897	887	888	866	866	880	871	882	877	881	870	871	887	888	876	885	873	849	884	880	900	876	870	884	870	880	882	879	874	875	874	877	871	897	885	861	856	869	874	874	866	886	878	879	877	867	889	873	881	874	873	898	878	864	899	876	891	889	878	871	888	885	876	875	875	866	880	886	889	895	901	880	883	860	879	906	890	881	884	889	889	879	890	888	900	876	885	885	880	886	880	900	892	882	875	886	892	882	873	877	893	888	871	892	872	874	880	881	878	886	875	876	870	891	885	869	864	901	869	890	880	886	884	890	885	866	875	890	887	878	895	873	881	877	887	891	882	860	872	883	879	881	886	888	877	865	896	885	886	876	870	882	878	861	876	893	873	877	896	872	872	878	872	882	894	876	871	868	895	883	884	883	840	859	861	868	889	876	871	878	854	874	874	881	875	865	883	883	874	885	876	879	883	871	868	892	865	867	861	874	872	880	877	878	875	884	882	860	861	863	876	865	856	882	873	876	844	872	865	864	862	884	876
873	872	887	887	881	890	874	893	889	880	877	885	880	880	866	876	882	862	862	857	882	893	885	865	890	877	882	862	878	871	872	877	903	887	883	878	884	879	869	891	873	884	891	860	867	864	880	875	880	875	880	878	889	876	887	872	889	882	868	875	876	868	885	878	903	874	880	900	871	879	883	868	876	873	897	879	886	890	878	894	859	865	893	875	905	881	884	880	873	880	882	884	880	880	872	873	882	892	872	876	890	875	878	880	888	875	883	879	884	882	887	891	857	886	879	881	879	886	897	883	890	881	881	876	885	873	884	874	904	900	892	878	871	888	880	878	891	867	886	886	887	895	887	863	897	885	879	887	875	876	886	875	893	877	852	899	889	866	896	872	891	886	899	874	878	887	885	889	883	873	877	852	874	895	870	876	860	881	895	881	872	866	874	869	892	882	891	879	884	876	867	871	879	868	884	865	889	853	876	876	880	886	866	882	888	870	877	883	865	876	873	868	875	868	868	880	860	889	870	886	882	878	870	861	873	877	889	871	880	876	864	874	873	874	864	862	867	872	875	870	877	869	884	883	879	876	852	876	875	869	866	886	872	877	858	877
887	882	870	883	868	873	869	865	875	892	876	882	884	865	884	882	869	866	898	876	883	890	873	879	884	871	877	872	877	890	885	878	874	874	883	886	881	885	883	865	867	886	890	891	890	875	877	869	881	887	877	884	878	892	891	884	866	887	872	885	878	879	885	882	860	879	883	890	889	884	869	885	875	886	878	874	884	893	889	887	875	880	902	880	883	879	872	889	898	881	877	876	880	871	896	888	904	886	869	880	876	876	869	882	898	892	884	874	875	885	886	894	879	873	882	877	895	895	888	893	874	879	865	882	878	893	857	882	873	879	884	886	899	874	877	880	891	889	893	874	890	869	870	864	887	871	870	875	876	879	899	885	869	892	883	889	892	916	886	899	874	898	896	871	891	877	865	870	897	871	880	874	871	874	885	868	881	887	875	884	872	888	869	875	876	894	870	890	885	882	867	877	865	884	875	881	876	880	876	881	884	874	876	884	886	868	875	864	858	873	888	863	882	883	892	852	877	875	879	872	866	874	871	861	874	871	859	887	884	873	873	849	863	866	884	872	860	873	853	868	872	878	870	858	864	864	867	871	873	866	884	869	857	878	877	876
889	890	871	893	869	886	899	891	880	884	883	879	867	876	884	877	887	879	900	888	878	881	877	878	890	883	892	870	873	877	877	864	875	888	884	880	884	885	872	868	862	880	870	894	874	875	896	881	873	887	885	870	900	886	893	890	875	900	879	894	859	887	888	879	901	891	893	882	869	892	881	868	867	864	880	868	884	869	878	878	874	878	872	903	897	891	893	884	885	876	885	878	868	878	892	882	863	876	883	858	881	885	888	883	877	878	896	876	869	870	873	886	890	888	895	904	881	897	894	871	882	894	882	877	889	877	891	889	884	890	872	885	890	892	875	890	890	873	894	873	885	877	864	867	882	880	880	888	877	875	866	874	890	862	867	875	865	887	885	889	875	876	891	868	882	897	888	883	880	889	886	888	877	900	874	875	870	878	876	867	885	887	879	870	877	876	881	885	867	870	878	858	886	891	883	877	865	905	873	847	888	882	876	876	883	856	857	888	884	855	864	860	876	878	887	874	870	884	873	881	875	873	890	868	868	883	870	863	866	880	883	873	871	859	884	877	872	869	891	868	892	868	864	867	872	868	890	874	881	868	874	885	891	860	880	871
878	881	874	880	895	875	880	881	886	891	887	898	896	885	889	887	867	882	882	894	871	891	897	875	871	881	881	882	879	869	882	892	865	891	872	885	880	868	877	868	878	882	878	862	892	887	883	879	873	874	877	883	863	892	887	890	883	875	880	895	899	867	869	888	873	895	869	902	882	864	889	866	873	869	882	870	883	866	876	891	881	883	863	888	897	876	861	877	894	872	878	898	872	871	882	867	883	876	865	887	889	863	880	892	887	890	881	896	886	883	885	870	892	911	879	890	887	868	895	877	881	891	878	873	872	878	883	881	870	892	875	881	882	891	884	885	874	893	895	884	890	881	894	891	872	891	888	895	905	886	883	892	889	880	881	899	878	880	870	886	885	889	872	873	881	878	894	898	872	880	869	873	879	894	876	876	878	889	881	858	890	863	886	888	865	855	871	881	880	876	877	881	868	878	884	884	886	868	875	878	886	875	876	873	887	877	877	878	896	883	888	880	867	870	851	868	874	891	855	879	884	887	889	871	869	880	875	878	867	874	870	873	877	883	887	865	884	864	875	875	860	866	852	847	865	868	865	882	855	868	864	854	871	889	876	882
873	884	888	885	870	882	892	886	874	873	873	882	863	883	894	872	865	873	879	869	874	878	874	869	866	883	889	881	882	895	875	878	884	879	877	865	883	880	889	904	868	903	880	866	872	892	883	858	891	888	886	889	865	875	872	875	888	878	887	874	887	888	891	865	891	885	880	879	870	881	872	884	879	897	890	890	878	901	876	885	871	881	870	868	870	881	872	881	886	883	888	882	888	881	881	878	881	866	868	892	873	896	881	878	892	884	876	900	891	896	884	884	902	887	884	894	876	877	875	880	881	882	876	883	894	888	903	898	893	883	880	891	895	876	873	892	895	907	880	898	894	879	883	886	875	881	887	895	891	887	886	879	901	885	883	883	893	888	884	881	875	878	874	868	886	895	899	885	882	875	897	875	878	887	869	868	895	861	879	880	868	883	872	881	880	880	887	874	876	876	874	887	883	870	878	881	885	889	883	871	864	880	866	871	895	870	856	871	881	881	879	872	867	872	860	871	882	873	864	880	873	873	870	880	898	876	884	879	900	859	876	866	879	866	857	876	875	871	881	858	880	881	871	882	873	866	884	857	887	870	891	876	864	893	871	873
883	887	879	904	884	887	869	879	854	876	883	864	891	883	874	883	886	899	887	891	869	885	883	877	877	884	888	875	882	884	878	886	879	889	876	871	865	871	866	882	899	874	877	873	871	883	875	888	882	881	889	895	882	867	876	876	877	895	871	864	886	860	879	879	904	869	882	881	869	888	874	885	886	886	880	869	892	873	865	884	880	866	878	872	888	858	879	893	882	886	883	873	884	879	877	883	874	884	877	890	883	863	878	880	865	879	881	899	880	882	895	874	889	876	889	887	895	868	886	870	885	875	864	885	883	896	881	874	886	901	880	908	891	869	876	888	892	885	876	878	858	894	886	878	889	891	883	867	887	882	889	883	873	893	885	882	883	884	882	870	887	885	892	881	875	875	876	898	866	873	887	878	873	891	876	879	881	868	873	894	887	894	880	872	885	877	881	880	894	886	882	894	874	887	867	903	877	857	865	875	885	884	892	868	881	856	868	878	878	858	876	880	849	887	875	874	890	874	869	889	865	861	859	866	888	874	882	867	867	884	889	873	873	885	888	876	880	880	866	878	868	872	868	879	881	860	870	878	875	868	862	873	853	893	870	863
876	880	878	876	883	880	876	905	880	881	882	880	888	888	872	869	874	874	894	870	870	889	875	875	875	879	876	889	891	889	883	874	892	887	886	869	879	862	885	885	888	883	895	872	874	886	885	871	880	865	895	886	889	898	886	879	883	890	883	879	879	869	869	885	885	887	878	870	886	874	869	895	863	877	891	870	899	865	870	867	867	895	882	881	885	873	871	885	892	880	882	879	884	890	870	883	875	882	877	901	883	895	881	874	886	885	889	884	901	895	890	880	872	880	899	887	886	872	886	879	885	873	886	889	891	894	874	871	900	889	883	885	877	898	880	869	876	884	885	884	874	890	894	884	882	895	885	891	892	871	885	880	887	870	891	886	878	891	881	867	879	883	881	884	893	893	883	886	886	886	888	889	877	879	879	888	884	894	875	883	880	902	887	865	873	860	881	883	868	884	880	874	873	872	880	868	869	886	884	878	880	868	881	866	875	882	884	864	875	885	883	870	880	861	878	859	861	874	858	885	859	868	873	883	860	885	872	892	881	868	878	890	884	878	878	881	879	872	875	867	878	879	874	877	871	875	887	875	868	883	871	879	877	848	863	867
893	884	884	891	891	886	872	902	869	891	881	886	875	882	893	882	891	891	881	888	875	889	875	864	884	881	884	885	880	902	880	868	888	884	895	888	868	886	886	881	880	876	855	879	880	880	858	885	887	878	886	873	878	863	881	875	888	887	903	898	877	874	877	881	881	884	883	880	866	882	896	895	892	877	883	878	887	878	876	873	875	889	869	894	872	883	884	874	893	890	893	894	863	862	869	870	891	897	881	882	885	877	886	874	875	886	862	885	877	889	893	881	888	888	890	880	904	890	902	867	876	902	883	875	887	888	893	899	883	897	892	888	879	871	910	894	868	895	867	887	893	884	901	887	887	880	874	876	905	903	884	903	876	880	885	896	877	902	880	902	878	892	881	888	885	865	872	882	886	888	862	882	887	865	864	875	889	907	882	872	883	892	867	871	880	873	874	899	863	880	872	875	875	883	880	892	881	879	883	872	874	870	863	865	880	871	887	877	874	872	869	873	880	887	868	864	880	888	877	856	884	886	870	882	884	864	861	863	877	854	882	872	851	872	899	857	890	879	884	863	882	863	879	868	861	873	865	865	876	876	878	872	870	866	858	841
876	880	873	882	873	894	884	890	879	884	897	882	881	865	880	880	871	872	866	884	890	877	896	871	884	893	898	880	881	892	882	887	884	886	874	879	897	890	889	883	877	892	881	884	867	886	878	886	882	879	895	869	877	869	879	887	890	868	884	879	873	877	864	898	869	882	880	880	881	878	867	886	878	880	873	869	869	881	904	900	892	886	874	882	880	892	891	881	869	878	884	889	888	876	879	860	868	872	878	895	890	870	886	897	889	881	885	877	890	902	878	878	886	883	885	883	873	879	879	876	881	884	889	891	886	880	892	888	887	863	876	884	880	895	899	890	884	878	885	893	863	890	893	892	886	885	865	890	884	897	900	880	879	884	876	876	904	881	896	878	888	890	894	896	887	892	907	875	890	879	886	883	869	887	877	859	871	876	879	858	891	893	882	869	891	867	874	877	884	887	869	891	878	878	865	866	885	885	879	874	871	862	876	893	867	861	893	862	880	853	884	874	859	856	862	884	877	895	876	859	878	880	885	890	893	869	874	882	891	866	858	887	877	865	873	867	867	856	878	874	867	869	874	879	857	883	878	879	855	868	869	859	863	875	860	848
870	871	884	895	879	901	889	874	877	877	874	882	881	874	882	871	869	874	875	877	865	870	877	895	884	878	883	854	889	870	903	875	883	900	887	867	883	885	880	875	875	891	876	882	883	881	881	872	883	881	884	886	882	881	866	876	875	879	880	881	892	887	873	868	884	882	883	878	876	872	873	891	891	878	880	866	883	893	869	878	887	881	868	884	891	907	896	884	900	889	873	884	872	876	904	892	880	866	874	890	904	878	881	891	881	904	881	876	875	888	892	878	906	887	874	894	879	883	895	889	905	881	885	887	868	892	864	878	889	882	892	890	871	890	877	876	891	883	875	890	866	889	885	897	899	849	874	878	888	881	882	889	869	896	886	893	896	876	882	877	888	874	890	877	884	876	897	875	868	874	882	864	883	882	887	885	872	875	867	873	884	882	883	867	880	886	873	877	883	876	867	868	886	875	882	867	848	889	885	875	877	886	856	874	889	880	881	882	881	870	878	890	881	880	873	887	869	874	856	868	877	884	871	856	880	860	860	867	864	876	882	868	891	872	884	869	864	885	866	880	872	858	868	871	868	870	879	860	871	860	867	883	874	855	872	865
882	876	872	886	891	881	898	890	895	869	890	885	903	881	878	865	870	879	886	891	870	889	869	883	889	879	880	878	879	878	885	880	883	885	897	880	872	873	888	894	872	890	874	884	889	878	883	877	876	880	883	885	892	888	874	867	878	884	878	875	879	897	890	881	895	879	888	883	888	887	893	884	881	898	907	892	872	884	873	873	886	894	888	900	890	885	865	890	906	899	876	884	901	879	901	900	888	894	881	884	874	878	869	884	898	885	895	882	874	891	888	885	897	897	897	880	862	882	868	868	910	879	883	896	898	877	887	887	876	859	888	879	893	880	877	894	875	870	892	888	891	877	871	888	912	897	882	905	892	898	886	875	888	872	869	907	889	888	880	880	889	884	890	886	876	872	878	873	869	878	882	883	880	880	881	885	877	872	874	882	880	882	882	887	869	884	887	861	875	890	878	875	880	873	865	873	877	882	886	862	864	876	875	883	891	860	872	873	859	887	868	862	868	867	869	884	865	866	871	868	868	872	881	877	862	856	888	896	856	873	864	864	874	858	868	856	868	871	861	864	880	842	869	888	882	874	873	862	866	861	879	870	875	887	864	877
893	886	897	879	883	876	861	888	889	897	880	890	888	876	886	884	881	900	878	867	882	888	892	879	877	885	878	878	877	876	866	899	895	872	890	891	887	879	878	869	893	873	881	881	888	886	878	886	890	892	863	877	875	889	884	897	886	875	884	878	882	873	881	884	875	883	878	872	880	881	875	881	890	884	860	873	874	877	880	880	886	891	878	886	868	877	893	885	877	880	880	884	896	882	884	880	870	868	885	874	874	881	880	872	869	907	880	880	884	886	895	886	866	882	875	873	883	907	883	871	890	883	885	875	897	885	871	896	895	894	888	881	880	873	887	874	878	884	890	903	893	875	886	891	865	886	893	879	879	862	901	870	887	869	885	882	901	885	884	876	899	882	870	882	874	893	877	887	893	889	886	876	893	874	874	879	892	874	887	871	893	874	905	881	881	886	863	880	888	882	891	863	878	874	875	867	865	881	893	891	883	864	856	878	877	867	872	888	885	866	885	870	872	880	867	882	883	874	880	865	873	857	881	882	868	866	870	896	869	858	873	873	894	880	873	858	874	877	888	886	869	885	864	878	863	860	870	876	875	883	868	883	878	863	863	874
891	884	871	886	888	883	876	883	873	882	879	874	883	892	871	859	875	853	894	873	889	879	858	891	872	874	879	879	885	884	889	853	875	868	874	872	886	891	876	897	878	885	879	870	864	881	876	883	875	860	880	872	889	883	872	898	896	884	889	886	895	876	878	894	889	887	882	897	869	884	873	879	884	872	886	864	891	880	876	883	876	877	892	882	859	870	874	890	891	879	881	889	875	885	895	894	898	895	880	885	891	879	867	870	876	889	905	873	891	882	874	902	880	901	887	887	873	874	888	883	893	872	891	904	877	910	900	885	896	874	869	896	888	890	877	892	890	880	879	894	880	885	892	871	879	894	862	874	871	899	881	885	879	879	893	880	874	887	879	894	880	875	867	869	869	868	873	889	874	886	886	878	900	877	875	885	867	860	870	873	896	871	900	891	870	886	881	888	883	883	881	872	896	879	869	892	886	886	857	880	876	877	859	886	886	876	866	889	865	877	870	889	870	868	868	873	862	871	866	856	862	873	881	863	876	877	864	872	863	864	882	864	868	883	864	849	882	876	869	876	864	873	854	884	886	862	870	883	872	871	857	879	873	888	859	874
884	876	892	894	889	886	872	876	879	876	879	870	876	863	876	873	877	862	875	870	886	876	879	879	881	885	870	889	881	874	882	891	884	886	887	883	893	886	881	861	885	888	883	872	882	878	878	881	874	863	863	855	868	877	877	887	883	888	888	874	905	899	876	866	865	874	845	894	861	884	883	866	873	890	880	881	865	880	877	874	884	878	882	872	897	868	885	885	888	880	864	874	878	884	874	878	877	891	876	875	875	896	887	880	891	887	868	889	882	871	895	898	898	897	877	879	891	887	898	898	885	889	875	883	887	876	892	899	875	913	870	896	901	891	898	877	888	886	905	885	886	890	877	876	882	881	881	904	904	883	904	886	886	868	883	886	881	871	896	883	891	878	883	896	891	881	883	867	878	917	878	885	871	881	890	883	898	891	898	895	881	877	871	877	879	880	890	873	872	887	872	893	890	892	853	876	900	871	864	878	878	870	885	872	875	863	881	884	884	877	891	858	862	886	874	887	887	869	879	869	851	869	886	885	872	889	862	861	886	868	876	863	884	873	880	862	867	866	886	876	863	885	869	881	872	877	882	864	868	878	892	881	874	870	863	878
867	881	880	891	879	883	884	884	875	877	881	882	880	867	878	908	889	896	863	873	874	866	864	889	876	875	889	872	884	876	899	862	882	882	886	897	867	883	877	885	904	875	885	878	886	872	893	872	891	863	876	874	884	897	873	886	895	876	862	882	875	865	868	893	891	877	874	894	884	877	872	881	883	854	868	886	888	881	885	878	887	882	868	884	889	885	901	878	880	882	878	884	901	866	885	889	894	890	885	886	876	889	893	876	889	880	888	886	882	888	886	888	891	887	876	891	878	883	879	876	903	879	877	899	880	879	875	890	883	892	909	883	895	897	880	878	883	867	898	904	887	897	891	895	878	895	884	877	883	889	875	888	884	891	896	875	876	898	881	876	863	888	879	896	888	899	868	887	880	884	879	878	853	884	878	879	879	892	872	889	869	871	874	878	884	884	875	867	875	896	880	871	887	877	878	880	879	881	868	873	868	881	882	888	888	860	868	877	886	872	884	876	876	871	872	894	874	888	869	872	879	889	858	870	868	871	886	881	871	894	861	871	866	865	887	872	875	861	858	863	896	857	872	879	877	870	874	870	879	878	879	867	871	875	871	871
878	882	879	886	867	885	873	873	889	891	870	878	858	866	865	897	867	883	877	880	874	885	879	880	894	863	886	889	880	889	887	881	880	900	878	891	884	880	870	881	903	876	882	875	904	877	892	887	873	884	880	876	881	858	894	872	884	896	871	885	886	878	876	877	880	879	891	868	872	884	891	887	872	874	890	889	877	890	897	881	884	886	865	870	890	884	881	892	889	871	876	868	904	888	891	890	906	874	896	895	875	875	905	880	895	889	891	870	876	877	886	885	887	894	880	863	868	897	881	882	877	902	898	880	885	872	899	891	888	906	886	889	891	894	877	891	886	875	877	874	897	897	895	892	879	882	892	901	888	873	899	882	878	882	898	879	887	899	875	873	885	903	889	895	894	874	861	878	883	889	869	890	881	869	880	874	887	890	866	886	875	865	873	887	887	873	862	876	885	875	858	895	880	870	871	883	869	864	869	857	867	882	866	884	880	867	869	867	898	868	883	878	881	865	880	887	879	876	856	876	889	871	868	880	860	872	869	870	882	876	862	878	855	867	862	877	869	889	873	875	868	872	874	868	875	882	868	863	854	889	857	878	883	855	864	890
884	883	877	880	865	868	873	876	884	876	886	880	876	896	872	893	890	894	870	878	866	879	877	905	881	887	885	882	910	890	891	878	881	887	895	897	883	878	885	877	876	879	875	874	892	868	877	873	887	880	886	868	886	863	868	879	894	895	875	890	887	881	869	865	881	873	880	888	864	890	892	890	876	876	877	862	875	886	890	892	887	867	887	905	896	877	891	891	874	866	886	893	883	893	885	879	896	873	876	892	891	876	894	890	900	889	872	901	881	884	880	878	878	900	886	888	891	879	886	887	884	887	885	875	885	874	879	880	877	878	895	887	886	900	889	895	879	889	888	882	885	887	904	898	881	880	889	900	891	894	872	890	896	877	899	880	873	894	884	887	872	878	875	888	885	888	889	871	868	886	888	892	875	866	889	874	882	867	895	878	871	873	869	869	863	875	880	896	882	869	907	888	868	891	862	885	890	874	847	889	862	887	903	873	872	861	873	881	882	880	870	898	876	889	858	875	869	870	870	863	873	880	875	871	877	876	860	885	879	870	872	862	884	875	863	872	879	876	867	867	878	869	868	869	883	877	870	872	876	895	864	881	862	866	857	880
863	853	866	884	889	889	882	889	874	888	884	881	868	903	870	882	878	874	877	885	893	895	881	858	874	884	879	880	873	859	892	885	894	880	879	860	876	869	878	871	880	880	884	865	883	892	874	890	874	885	886	899	879	871	878	899	877	893	891	869	873	884	882	877	884	874	876	891	872	886	873	876	879	878	893	866	870	871	889	868	879	867	871	876	872	891	887	887	894	888	881	881	881	887	878	872	870	858	883	877	872	889	899	881	880	884	888	875	892	880	886	876	913	872	882	865	892	894	874	895	884	880	889	889	893	890	886	896	890	888	879	875	894	863	890	897	897	883	879	887	880	904	897	881	889	894	882	880	880	870	895	897	892	894	893	887	902	876	909	886	877	889	884	872	893	878	886	892	912	878	889	887	888	886	893	882	867	884	891	878	873	871	862	879	893	878	879	873	877	898	885	879	858	876	889	872	873	877	886	870	886	882	862	883	887	865	877	875	871	899	864	894	883	881	879	874	881	873	874	883	881	864	868	867	895	870	878	884	889	891	861	889	872	866	863	878	878	858	879	865	879	857	863	869	868	881	880	869	874	868	876	886	878	879	856	864
865	877	885	879	870	864	898	890	869	887	888	883	877	888	887	886	883	888	878	869	899	869	864	865	878	877	872	886	874	887	878	898	897	889	877	875	883	884	884	876	883	877	884	876	886	881	880	882	870	883	880	880	879	871	877	876	896	873	877	882	892	880	888	882	887	872	884	870	879	887	868	880	881	881	871	876	886	868	876	895	882	881	882	882	885	873	884	887	877	894	896	892	885	896	877	874	892	870	888	876	887	874	889	878	882	887	899	868	893	893	875	905	884	898	884	879	894	888	891	880	905	879	902	897	890	878	903	909	890	889	873	901	892	871	894	886	886	884	903	887	879	889	886	871	905	899	902	859	893	892	879	885	907	880	878	885	876	905	894	873	874	882	872	881	882	887	887	874	886	889	877	873	883	875	880	876	876	897	875	876	880	886	884	879	870	876	891	864	877	879	878	893	888	864	873	873	886	864	868	870	872	875	870	874	875	856	875	875	883	889	870	875	881	875	872	873	871	882	873	870	870	871	883	876	875	873	879	873	894	863	860	861	866	875	879	862	876	855	843	885	875	870	863	877	874	881	867	861	864	865	876	863	862	880	850	864
886	874	881	878	874	875	893	892	871	873	889	866	878	881	878	868	877	865	868	879	882	890	882	880	887	879	887	893	876	893	887	863	886	886	880	871	879	869	879	884	887	873	872	865	910	877	874	870	884	881	904	897	889	880	880	874	888	890	890	882	887	876	865	889	871	869	884	878	896	887	894	892	889	874	871	871	882	880	895	869	887	881	898	889	884	893	892	879	890	878	894	868	879	879	905	875	888	869	867	900	883	876	876	893	888	869	886	896	894	880	884	893	890	893	894	886	866	887	908	883	899	883	897	880	883	897	903	890	872	899	896	905	907	888	873	870	888	883	884	890	897	878	891	892	873	884	871	879	880	870	890	871	889	898	879	887	867	878	903	881	881	885	889	873	898	894	860	880	876	877	875	870	882	880	884	887	879	881	878	878	883	869	888	893	887	879	884	860	874	885	861	874	872	893	868	884	881	870	864	882	882	878	885	876	873	869	877	868	862	880	890	870	878	863	858	871	869	883	879	873	867	880	887	869	880	893	864	875	878	874	876	874	857	887	869	870	871	878	885	862	883	871	867	876	889	893	867	881	862	872	868	877	884	867	876	868
884	885	877	879	867	870	860	872	883	877	877	870	902	903	886	876	877	881	869	887	868	898	868	884	881	892	869	896	880	860	874	886	862	882	888	889	871	881	865	884	878	885	878	872	892	875	884	875	866	874	875	902	897	889	877	859	857	884	882	890	887	876	876	891	885	885	894	878	871	884	874	885	879	883	904	873	868	881	859	890	882	856	888	897	881	887	878	878	886	880	889	881	883	901	864	878	906	877	880	902	885	893	892	876	889	876	874	888	896	896	906	889	888	888	896	879	882	886	896	898	889	875	879	890	893	886	883	895	889	890	895	885	877	878	883	889	902	896	893	881	884	895	900	880	894	896	897	906	898	877	896	890	891	875	900	882	889	895	903	884	887	900	879	893	878	871	886	895	882	883	877	879	889	883	873	888	873	890	889	872	878	898	871	888	876	881	881	879	884	886	886	862	865	862	885	885	893	882	869	880	882	886	871	888	884	877	881	869	862	880	870	884	858	865	872	867	876	867	868	888	855	882	875	860	888	877	881	865	870	862	860	870	864	857	897	860	871	874	878	904	864	875	863	869	884	876	885	873	870	886	880	880	862	867	849	870
868	873	880	891	871	868	868	884	891	865	894	882	874	869	866	883	885	871	878	869	889	894	867	881	876	876	873	871	872	896	880	874	881	870	876	888	879	882	855	874	878	883	865	891	877	883	873	884	859	888	867	878	876	881	882	905	877	886	882	901	868	886	879	867	876	874	885	869	885	870	883	874	888	870	887	897	895	882	871	863	896	895	877	895	873	884	881	866	881	870	884	888	877	884	885	874	886	882	890	874	889	867	881	907	889	876	881	882	889	892	890	864	877	882	876	895	890	888	893	880	903	891	864	878	888	893	885	886	885	884	890	894	887	878	910	891	903	909	891	895	889	877	904	869	875	890	896	882	896	877	891	886	875	888	880	887	891	891	882	884	887	891	879	885	880	871	869	873	874	870	885	886	894	877	885	864	885	887	884	896	890	876	887	874	896	893	872	887	887	874	882	880	871	875	871	887	880	877	899	873	903	878	886	891	880	891	887	873	873	880	877	889	870	884	886	874	884	879	880	877	883	878	873	878	892	875	877	850	859	882	889	876	875	867	869	882	872	871	871	882	857	870	859	873	863	866	881	853	864	889	871	872	872	872	874	897
890	862	877	879	886	893	867	886	883	887	864	875	881	881	875	872	877	872	892	883	892	874	886	890	879	866	887	883	891	895	881	867	877	867	889	882	887	878	875	884	883	889	887	877	866	897	890	867	870	879	882	883	889	863	889	873	881	888	883	888	878	876	886	881	884	885	872	861	888	870	880	890	890	878	889	890	885	891	893	886	877	886	889	884	889	872	887	880	874	898	902	881	882	881	883	881	892	871	884	897	876	884	881	888	884	886	888	890	892	902	905	910	889	880	891	904	893	884	898	891	898	878	896	899	875	895	891	888	887	897	889	905	888	893	880	882	902	894	890	896	905	885	901	883	868	902	878	888	895	880	891	897	878	881	894	895	906	885	860	869	891	885	888	892	902	877	886	892	882	899	870	893	876	881	877	877	880	874	880	896	880	892	869	866	878	876	880	894	885	885	860	862	881	864	892	896	863	898	850	884	894	887	873	879	890	857	865	894	885	867	886	866	885	880	867	871	881	878	872	877	853	876	871	878	874	874	878	871	873	879	875	877	859	872	893	869	894	881	886	862	872	895	868	851	881	872	889	870	883	878	868	886	867	875	875	872
861	874	903	877	880	884	873	863	904	880	882	880	871	892	894	887	888	873	890	911	879	894	876	891	897	879	889	876	903	876	895	886	882	867	876	881	873	879	887	880	866	888	881	871	864	891	884	884	877	878	871	878	868	890	901	855	881	876	877	888	889	874	882	884	878	886	883	865	868	887	885	889	888	904	865	902	880	872	900	862	877	878	878	880	881	890	883	887	888	892	885	887	883	882	884	878	911	877	891	886	913	889	878	893	883	878	888	887	892	897	897	876	897	880	900	880	872	902	878	878	906	882	879	893	887	891	893	887	894	891	897	886	877	887	875	914	895	918	891	877	893	889	887	887	870	884	886	883	887	883	886	893	877	871	901	877	894	896	867	862	882	893	888	893	885	873	880	880	886	890	872	886	874	901	881	866	883	871	874	902	885	887	865	901	881	872	871	882	886	882	900	869	879	875	879	874	876	875	873	865	855	870	881	870	896	875	865	870	877	884	877	874	877	868	874	880	881	886	876	863	872	870	863	868	883	894	889	881	864	853	853	854	864	860	870	854	863	862	862	867	887	845	873	877	875	891	866	870	870	869	881	867	871	873	882	878
878	884	867	884	873	881	892	893	890	866	862	874	890	877	889	869	881	893	900	890	878	872	878	858	875	869	870	873	891	875	868	877	884	887	895	872	896	884	891	875	874	880	892	875	867	883	876	892	883	881	893	882	886	897	880	880	881	875	892	880	872	880	885	880	880	870	864	884	880	880	887	874	874	878	880	899	881	877	891	880	875	870	884	887	886	907	883	888	887	883	897	879	888	873	877	874	873	874	884	882	883	894	881	894	871	903	899	884	883	889	887	871	898	887	900	907	897	897	887	896	897	888	886	893	880	882	898	901	898	896	891	889	884	907	884	887	904	890	885	882	891	902	883	892	881	875	879	883	880	886	899	865	893	908	879	883	882	888	884	901	893	885	886	888	870	868	868	871	876	901	888	890	891	882	888	892	885	897	881	880	876	892	902	890	892	874	880	877	887	874	895	874	880	889	869	865	877	892	864	886	866	878	878	890	877	873	871	879	881	846	882	865	873	890	877	877	876	878	875	870	882	880	865	865	875	875	872	876	882	873	879	890	874	887	888	863	871	867	873	876	873	877	863	876	876	868	864	881	870	868	890	862	848	859	876	875
879	901	857	884	884	871	884	892	882	896	887	882	872	881	868	883	873	882	882	882	869	880	875	883	883	896	862	885	883	883	874	903	876	871	875	881	869	868	879	881	882	860	864	869	878	889	872	876	874	885	884	870	884	875	880	878	887	886	865	892	889	895	885	872	890	884	889	886	882	873	876	866	891	875	878	876	881	881	867	873	876	892	892	885	874	890	886	902	870	875	877	879	869	887	877	884	867	884	877	880	884	887	894	880	874	890	885	901	900	887	887	906	892	882	889	901	885	882	911	890	906	892	863	893	913	879	870	879	874	892	901	897	901	905	888	898	900	902	904	880	881	896	895	872	894	896	894	879	888	881	898	885	897	892	882	895	902	896	882	881	889	879	904	891	904	878	893	888	881	882	883	896	890	874	891	885	872	885	885	889	862	900	878	878	882	881	876	885	849	871	884	864	876	878	875	874	888	868	885	881	891	874	872	882	884	883	885	876	889	888	875	880	878	878	876	869	876	873	897	880	872	866	888	864	882	870	885	868	884	875	849	858	852	870	877	866	871	864	865	882	871	875	866	880	863	887	867	881	862	865	873	869	886	873	876	856
886	875	865	894	870	867	875	872	875	881	883	883	886	885	880	879	883	907	874	890	883	881	883	861	867	891	874	877	874	885	879	873	876	875	868	877	896	862	865	880	882	874	875	880	898	889	869	879	884	893	874	872	885	888	890	871	870	886	892	881	847	887	891	880	884	881	879	873	882	878	878	887	882	887	879	869	857	893	885	879	864	888	882	876	885	880	888	873	872	866	868	858	892	890	895	890	891	880	869	881	895	881	874	886	902	899	890	897	875	883	887	897	902	905	881	885	878	885	882	884	896	897	864	887	892	886	896	898	903	908	891	902	885	889	894	893	903	908	888	891	892	881	902	900	867	880	878	885	900	897	890	875	894	890	902	885	883	891	889	885	870	891	895	906	886	887	905	881	881	877	867	872	888	904	880	883	894	880	866	882	891	873	878	893	881	891	890	879	852	888	869	891	889	886	874	872	879	864	893	867	866	895	880	876	879	861	891	870	868	881	904	873	865	888	878	876	862	874	854	865	862	867	873	877	880	869	859	858	880	870	878	869	873	858	887	867	872	878	865	863	865	876	863	882	867	872	852	875	869	865	874	870	883	882	868	871
884	870	870	901	868	872	881	871	874	876	890	884	873	889	870	867	874	878	878	873	889	875	879	879	876	886	865	877	875	884	897	878	878	881	870	888	869	881	880	879	878	892	860	894	881	869	868	890	877	886	870	890	871	894	889	875	891	877	891	872	891	881	884	879	880	891	870	874	885	900	867	881	895	876	886	895	888	879	862	875	883	884	881	881	895	887	890	880	878	893	881	897	882	875	880	892	880	879	899	890	898	900	883	877	897	893	892	889	896	896	890	900	894	892	880	877	902	873	880	904	884	889	894	888	886	888	894	885	886	899	882	875	888	883	881	905	895	904	889	906	878	877	882	886	889	895	888	897	889	864	889	878	892	874	880	886	901	882	887	882	907	866	885	875	875	903	879	878	889	887	881	859	895	900	867	888	877	901	884	885	882	876	882	894	876	863	890	877	891	858	897	863	884	889	867	882	879	876	878	877	875	879	876	887	876	867	871	866	863	878	867	883	871	863	857	867	863	865	893	868	875	873	864	866	878	875	864	876	875	865	871	866	890	871	862	863	865	863	871	863	861	868	877	879	843	878	884	880	865	865	863	878	876	862	872	863
883	869	886	885	883	879	878	887	868	877	869	877	891	868	880	886	878	871	890	880	887	879	885	881	878	889	893	890	892	895	884	876	881	890	889	870	878	882	889	900	867	873	879	882	886	873	874	883	879	875	866	893	881	871	873	877	874	872	891	888	880	881	894	875	892	890	876	893	883	886	877	882	882	881	893	894	875	883	890	882	885	889	879	889	897	884	890	895	884	890	886	881	891	890	871	895	900	899	889	877	895	898	889	888	898	883	879	880	880	897	895	903	882	894	886	899	893	887	905	879	905	886	871	884	903	888	899	881	896	893	896	889	888	880	892	894	882	894	880	882	877	901	893	892	887	886	894	892	896	893	887	897	890	886	906	879	890	885	877	897	865	887	892	882	888	886	897	872	893	868	877	872	896	886	884	882	888	886	887	884	893	884	871	881	886	876	896	905	884	867	892	874	890	898	863	892	891	869	873	885	882	871	868	872	888	859	889	876	886	876	887	872	870	869	874	869	870	877	870	885	854	857	880	905	886	873	868	872	874	875	874	882	888	869	881	873	889	864	884	876	876	876	872	880	870	888	872	870	858	861	864	848	885	867	856	880
890	890	893	902	879	897	873	882	885	885	884	886	871	886	884	886	875	879	893	882	891	881	891	868	889	875	890	883	876	894	891	883	885	872	881	877	873	874	894	872	892	882	871	875	874	884	883	891	881	877	876	879	895	888	888	884	893	883	874	892	876	882	873	895	892	888	891	868	895	878	886	877	872	881	897	879	876	888	886	884	901	886	884	887	870	864	893	866	895	887	900	890	901	869	897	876	887	892	870	878	894	879	882	883	855	901	899	879	885	875	896	881	893	894	881	890	900	870	885	882	905	894	877	894	895	902	891	892	891	895	891	891	916	895	885	881	895	888	893	908	864	893	880	880	884	892	886	892	894	872	886	871	896	891	880	875	885	902	895	894	887	872	879	879	883	887	886	887	889	867	869	877	869	878	883	866	892	884	869	869	879	884	870	888	886	899	884	879	878	875	881	886	869	883	873	880	885	860	873	852	876	882	876	862	876	860	865	882	875	878	886	856	881	879	873	877	864	858	885	870	858	858	871	896	879	873	857	883	864	881	868	864	863	868	868	854	882	875	872	868	875	865	879	876	878	861	862	857	858	875	858	875	884	863	881	867
869	877	876	875	886	870	886	872	863	885	867	875	898	891	886	871	869	881	875	877	875	868	878	885	882	885	888	889	894	877	894	888	888	895	896	871	874	878	889	884	883	883	885	876	896	897	877	868	890	884	896	890	896	877	886	878	875	888	866	881	877	877	890	885	886	876	860	879	890	879	888	894	891	887	879	890	891	877	885	897	887	889	886	892	872	879	880	889	898	882	877	864	884	907	879	880	882	890	871	877	888	893	885	895	892	880	890	894	879	890	898	885	895	901	889	885	896	895	898	898	888	892	889	901	895	900	902	894	894	901	896	903	895	897	890	904	891	869	894	897	892	889	896	889	880	886	904	886	872	890	881	880	881	886	893	886	890	888	881	876	893	901	866	892	870	882	890	877	878	881	873	893	884	871	860	884	878	868	875	874	876	905	882	871	869	886	888	871	881	876	871	876	895	880	878	869	890	887	878	895	880	871	875	865	887	868	859	879	884	865	876	879	887	878	872	868	877	881	873	878	876	878	860	890	887	882	863	872	869	871	879	873	880	872	881	881	864	876	872	862	874	900	862	872	857	861	866	869	874	876	868	867	864	871	872	876
881	885	877	887	880	870	884	890	893	878	893	874	867	868	887	870	871	879	876	879	887	889	877	884	879	885	886	888	884	881	888	873	888	884	878	894	890	878	876	875	881	871	891	878	877	888	877	883	885	876	862	868	895	882	882	887	856	877	901	879	873	882	880	884	895	868	889	872	872	881	866	874	862	902	900	879	877	871	893	888	877	884	875	872	892	874	870	891	890	896	887	871	889	889	892	875	885	890	880	892	889	886	897	894	872	890	867	882	901	892	907	873	887	886	894	901	884	893	883	897	872	890	900	893	890	900	885	888	874	885	896	892	890	891	908	898	876	893	905	908	873	886	886	878	886	890	907	887	899	897	889	887	895	889	896	896	895	883	896	866	888	891	875	884	869	884	883	883	874	882	886	877	901	875	869	879	860	880	873	884	883	886	880	892	886	883	885	872	872	873	893	882	898	884	888	902	871	869	868	882	869	875	876	876	887	860	875	868	858	885	880	879	890	885	872	870	881	867	888	878	885	878	875	848	861	874	883	867	856	856	881	869	871	874	872	870	868	871	875	860	873	872	885	865	882	858	868	862	860	889	877	876	861	874	864	864
886	887	875	894	872	881	879	873	889	884	876	877	884	892	864	896	876	880	880	874	878	880	870	868	901	867	872	869	878	870	871	892	890	879	891	879	870	887	879	871	879	889	869	875	879	865	878	890	891	875	874	877	869	889	867	887	892	882	886	875	883	874	879	889	865	879	897	879	870	894	893	866	891	905	881	884	893	885	890	862	866	876	886	887	879	857	888	883	871	877	878	880	893	891	902	871	872	880	895	875	897	904	892	885	883	898	880	896	904	883	909	882	898	884	903	902	917	905	884	905	907	876	878	912	900	883	920	913	906	904	901	888	886	889	878	902	890	883	886	889	901	891	885	887	884	896	891	890	899	890	886	887	899	893	893	887	865	895	888	894	891	892	901	886	875	881	880	878	887	881	888	894	879	895	866	872	869	879	875	881	880	860	887	883	900	882	872	895	873	882	885	886	889	882	873	884	891	884	869	850	864	883	884	864	873	880	875	866	876	864	872	873	869	880	896	880	860	882	866	878	866	866	855	853	861	883	873	875	860	880	879	860	865	862	878	851	878	870	875	861	885	881	879	867	866	876	868	863	859	881	864	866	879	883	882	886
872	871	874	892	874	860	891	871	886	885	878	899	873	881	884	879	883	880	874	880	875	885	882	869	888	879	866	881	876	890	873	865	874	882	895	876	884	881	889	871	878	876	872	888	901	865	890	870	872	882	880	891	891	870	883	880	889	873	873	877	894	888	868	890	900	865	878	886	885	876	886	875	877	892	870	885	871	880	892	885	878	891	892	882	886	883	887	886	883	889	895	873	875	873	910	889	890	899	876	881	874	889	897	908	890	887	894	888	894	899	879	901	894	913	885	897	904	901	892	894	890	888	886	874	895	877	888	901	885	885	898	886	900	904	894	885	891	900	910	883	898	897	868	891	903	891	884	876	901	917	895	894	888	896	886	893	879	890	888	881	884	903	905	900	892	882	877	876	888	888	889	878	876	884	890	884	879	886	880	883	874	881	877	896	879	879	888	888	886	891	873	882	870	885	891	870	883	875	872	887	903	875	863	870	885	869	873	857	879	876	874	868	874	879	862	879	874	871	881	875	869	859	871	864	871	882	865	885	868	859	873	878	868	856	869	870	861	882	890	878	877	874	881	869	887	866	871	874	878	881	869	877	883	869	872	870
891	880	881	872	882	883	878	882	880	865	887	893	881	888	874	887	866	874	884	877	877	879	879	898	874	872	885	881	881	863	900	876	894	890	871	884	884	893	897	883	872	876	876	888	893	880	886	872	880	884	874	861	878	886	874	881	876	889	869	897	874	880	886	878	872	883	890	883	901	866	871	881	873	878	885	879	864	868	881	904	859	886	892	874	880	903	883	906	879	888	873	895	899	891	876	894	891	889	885	886	897	883	896	880	891	894	889	896	898	893	883	892	888	891	896	893	884	882	891	890	896	890	895	897	885	874	871	893	874	896	899	903	900	877	898	887	903	906	884	897	913	885	889	890	890	890	892	886	885	891	883	888	897	906	899	889	894	908	885	883	884	897	880	886	879	884	872	892	889	891	888	888	898	870	881	882	880	891	859	884	895	890	887	895	872	869	873	891	877	888	886	896	871	890	874	865	878	867	893	881	882	863	879	882	884	871	881	865	877	856	879	882	862	866	876	887	881	869	863	870	879	872	866	873	845	855	864	879	884	878	873	862	889	872	861	862	877	870	876	886	879	864	873	872	879	861	862	878	866	873	876	861	877	861	868	874
888	880	881	884	863	878	880	874	866	889	869	880	873	887	878	888	888	862	895	895	882	876	873	871	869	863	888	880	875	894	863	874	864	889	883	885	893	874	872	883	892	884	891	864	889	878	878	873	884	866	883	885	884	874	889	893	878	870	883	898	882	893	869	875	883	895	890	886	881	891	889	883	877	882	877	882	891	874	875	884	877	871	891	897	888	874	889	897	890	898	889	882	920	877	881	880	889	904	894	900	890	884	876	887	872	891	888	898	903	886	895	888	899	895	893	911	880	891	859	898	905	902	905	865	899	922	891	892	888	881	883	893	882	888	882	887	890	895	888	877	879	897	901	874	900	879	894	880	885	892	897	885	892	882	888	892	900	894	889	890	876	892	851	894	891	890	894	881	879	895	869	893	882	891	903	888	890	883	897	861	878	885	905	866	874	865	864	882	867	873	898	874	883	885	866	885	881	865	882	875	882	880	878	879	879	875	860	871	881	875	877	874	887	846	873	884	863	877	879	856	872	861	860	881	882	882	880	886	884	895	893	880	869	880	891	856	872	864	866	879	872	872	874	865	871	878	884	873	858	871	881	868	876	871	869	870
871	885	864	878	862	873	896	884	875	881	880	884	882	885	874	884	882	879	890	889	868	873	885	875	882	890	876	870	877	881	869	886	875	868	888	894	869	881	876	878	877	884	880	872	875	868	884	888	892	871	876	878	876	896	873	870	889	878	874	870	869	880	867	891	873	866	880	883	883	896	895	896	879	873	892	879	880	897	882	888	879	888	880	897	878	893	894	874	880	877	878	879	883	892	880	893	899	875	886	890	878	879	893	909	887	901	885	878	880	887	890	916	887	872	901	905	896	897	884	912	888	890	894	910	896	884	895	887	895	894	886	881	887	887	899	885	882	873	899	895	898	875	894	893	897	889	885	881	902	880	884	902	890	885	894	886	881	877	894	889	889	902	896	903	898	888	889	884	883	895	872	874	898	863	901	878	871	879	875	896	883	895	883	867	882	877	875	883	885	857	876	897	871	886	886	880	892	863	875	877	878	896	891	871	880	875	870	865	867	874	883	881	872	875	869	861	896	872	881	866	868	866	874	876	873	866	875	879	870	878	883	859	869	873	873	895	879	870	860	866	879	861	871	868	883	867	864	879	860	865	871	886	879	882	872	865
888	886	895	863	881	884	881	881	879	888	892	888	888	875	874	870	902	870	853	865	881	889	869	866	882	868	884	884	885	891	884	894	874	888	871	876	869	881	878	871	868	876	880	863	879	880	888	870	877	869	882	888	883	872	886	883	882	893	878	889	893	877	890	873	892	884	896	871	872	874	878	902	883	894	877	885	889	887	889	872	886	876	879	884	892	871	874	877	874	872	899	881	890	901	886	879	892	901	876	889	899	890	890	878	892	901	875	903	893	894	898	893	893	888	889	881	888	898	898	884	876	890	873	889	900	898	885	880	910	900	895	918	886	899	880	897	883	891	903	900	904	891	893	875	914	890	893	892	895	883	883	882	884	883	881	899	897	892	875	868	881	876	880	903	898	872	890	864	873	889	898	877	884	894	880	883	884	876	877	894	891	878	866	884	891	877	881	875	866	861	870	892	885	883	870	875	898	876	877	891	889	865	864	872	879	852	878	872	882	867	864	859	878	865	863	870	869	857	886	877	893	870	870	883	864	886	873	895	877	880	877	862	883	870	890	870	871	851	871	877	883	875	883	875	868	877	873	863	865	880	868	878	877	880	876	880
887	880	882	887	872	879	888	889	881	878	883	878	884	874	877	875	885	900	873	886	891	874	876	880	881	875	875	886	888	894	889	885	881	868	885	882	876	888	872	866	873	876	872	896	885	876	892	876	876	880	880	878	868	882	892	878	891	872	887	882	873	897	882	879	893	882	878	875	871	890	887	895	847	873	899	877	885	893	870	891	882	866	862	893	891	877	879	895	866	877	894	879	895	899	890	893	879	877	891	905	896	889	876	875	890	880	882	884	889	879	896	881	902	886	877	874	878	893	879	884	909	881	882	893	898	896	868	915	882	897	894	894	899	887	890	893	899	867	887	883	890	885	899	901	905	899	884	889	890	886	881	902	886	887	885	906	883	897	895	898	885	891	886	889	879	884	887	875	882	903	874	865	871	887	883	881	868	887	883	887	886	878	891	887	859	879	867	881	877	855	861	883	854	868	891	866	865	877	880	871	869	876	874	898	867	858	862	867	887	877	869	875	875	889	858	866	871	871	870	873	885	861	883	871	850	888	864	871	863	875	866	872	873	875	873	867	874	878	873	862	875	869	873	868	865	873	880	876	880	866	856	864	870	876	869	878
877	891	882	891	881	882	887	879	887	862	871	873	869	875	869	883	890	882	881	882	875	891	883	886	883	877	885	875	887	877	866	878	883	873	876	887	879	897	890	888	893	887	882	889	882	882	867	897	892	895	869	883	878	890	885	888	893	883	885	890	886	884	879	894	885	895	874	891	877	856	893	879	895	892	894	888	905	881	900	885	874	872	882	882	886	875	882	899	879	893	885	897	885	873	900	898	898	900	886	880	899	899	880	899	904	887	905	886	891	898	871	884	905	905	899	903	894	892	888	903	903	885	896	886	891	903	884	880	897	897	891	888	906	884	876	889	900	905	876	904	900	902	888	890	884	898	901	896	873	880	885	878	888	898	884	892	879	888	899	886	902	879	890	885	879	881	881	897	888	887	884	882	874	884	895	888	897	875	870	887	884	886	877	879	883	876	895	864	879	881	882	869	878	881	878	871	874	869	886	855	889	889	872	887	885	860	878	874	883	880	860	877	873	881	880	880	856	886	860	884	866	874	863	864	864	877	875	855	858	884	860	853	869	865	886	870	870	874	882	881	887	875	879	877	860	869	881	861	852	864	872	860	852	872	866	882
882	882	885	881	879	875	875	892	882	889	877	873	870	889	864	878	890	863	876	884	873	869	879	874	888	880	886	873	893	872	886	881	886	876	868	895	890	875	888	880	889	857	881	882	864	864	874	888	875	882	894	885	896	887	881	885	894	866	881	864	876	885	881	870	886	880	878	878	887	867	880	891	901	881	893	874	867	886	862	880	883	885	877	883	870	877	872	874	879	887	876	886	893	899	889	886	885	892	901	876	891	900	886	904	890	891	892	895	888	903	901	908	889	902	881	896	896	888	909	886	900	894	892	906	901	908	889	902	867	902	888	896	885	855	893	884	894	870	897	886	890	881	891	916	881	901	884	883	880	868	892	884	861	876	868	884	878	894	886	884	878	887	867	883	898	893	903	881	871	885	894	879	876	891	878	899	883	890	889	889	861	893	879	894	896	882	894	881	879	892	873	861	884	867	874	898	874	872	887	879	865	869	880	879	901	860	874	870	871	866	866	881	859	885	855	865	892	893	878	873	878	870	874	873	872	877	879	883	874	872	864	883	875	873	874	876	861	877	882	865	876	866	880	859	868	868	873	860	877	888	864	864	868	870	872	874
886	885	902	877	893	871	884	889	874	886	871	868	870	875	875	867	892	879	883	893	873	890	877	865	878	868	883	890	862	859	870	893	869	893	875	887	880	870	880	867	895	890	873	886	855	879	875	878	889	879	861	887	871	888	869	880	877	893	866	886	876	864	882	885	893	882	870	893	890	886	893	879	892	869	887	870	881	876	874	871	869	880	886	893	883	890	862	875	880	899	879	899	887	890	885	875	887	885	891	884	887	881	894	893	898	887	884	883	880	895	897	906	895	904	915	890	873	907	886	895	891	876	889	889	913	893	884	902	886	894	892	904	885	889	895	898	878	898	898	891	879	897	899	893	893	873	906	891	890	888	888	881	893	865	884	894	880	892	880	898	875	890	886	896	899	885	871	885	864	889	892	877	876	880	882	866	874	868	894	887	885	881	900	869	883	880	866	876	876	869	866	881	886	874	866	887	884	885	893	889	899	870	866	872	872	859	893	875	880	876	867	868	881	886	876	875	876	874	885	864	869	878	881	868	856	876	869	866	882	868	864	854	871	875	870	870	867	869	885	869	869	879	872	872	874	870	881	854	874	881	853	866	877	867	876	852
875	874	885	882	889	895	889	884	887	862	895	864	874	893	885	883	882	877	890	886	897	873	882	873	877	878	888	893	876	878	875	872	876	876	875	889	894	882	892	875	886	879	875	896	867	879	891	871	866	875	897	865	877	891	881	876	880	882	877	874	890	858	871	884	859	889	863	883	888	875	890	887	873	888	877	889	883	870	900	884	890	877	871	896	878	869	882	893	872	883	886	895	878	880	885	877	877	879	916	896	890	884	895	882	884	885	892	893	893	884	882	902	888	888	894	889	873	892	890	889	902	894	890	899	868	903	883	881	889	894	903	887	876	900	895	881	883	894	906	885	896	907	893	895	896	898	897	886	895	874	893	906	885	909	881	880	895	886	892	874	872	913	877	870	879	864	884	900	885	881	874	888	872	890	888	879	888	890	877	884	883	882	881	890	880	869	893	874	881	868	870	886	885	878	886	891	863	872	885	865	885	875	878	888	886	858	881	887	864	881	871	890	875	884	874	875	871	873	874	877	881	865	886	861	880	878	874	871	870	878	873	875	863	881	881	852	891	883	856	884	882	869	867	880	884	887	882	883	876	876	879	863	873	862	854	883
868	882	881	884	889	880	875	892	866	880	884	865	882	895	878	864	888	889	891	871	886	876	876	881	901	883	888	874	876	886	893	888	887	868	877	876	876	881	876	896	880	876	884	876	880	872	870	884	882	892	876	893	884	879	878	874	882	884	879	883	883	887	874	867	883	887	899	887	885	879	877	905	895	880	895	892	876	873	878	873	874	882	892	887	882	891	883	886	891	883	881	891	897	879	891	882	881	900	879	873	893	878	888	899	874	894	887	880	887	883	867	895	884	891	877	889	903	892	897	888	902	879	902	894	882	877	907	909	875	889	894	879	876	875	888	879	893	906	879	910	899	892	893	901	889	903	878	888	882	884	877	885	888	875	890	878	892	888	897	893	883	896	878	880	872	889	894	897	856	878	862	877	894	868	871	893	868	889	888	901	884	882	884	886	892	888	875	868	877	886	878	875	884	874	875	885	885	876	883	877	866	866	858	885	898	865	861	875	870	887	874	890	861	873	857	879	867	858	884	880	873	859	845	850	884	880	891	872	871	874	860	889	866	851	865	860	888	869	877	872	880	864	856	872	882	856	860	874	874	859	856	862	867	873	871	840
884	872	890	884	884	892	892	889	894	884	878	872	892	879	880	883	882	874	873	868	879	887	887	866	880	879	871	877	883	858	885	891	888	869	895	882	887	876	854	893	893	901	882	881	880	878	884	887	874	866	879	878	883	887	889	879	879	901	877	876	879	893	890	884	884	891	894	895	878	876	887	885	863	875	886	871	888	887	895	875	873	888	877	879	893	880	874	886	881	888	874	885	891	880	892	867	892	887	864	906	891	900	901	888	893	901	886	890	858	888	890	897	903	891	896	901	910	891	883	908	896	877	891	879	904	904	902	899	893	892	884	881	883	904	880	878	894	897	890	892	877	889	900	893	880	872	898	888	898	868	878	889	892	863	904	899	894	902	885	898	883	881	879	868	871	895	898	887	876	883	873	889	877	904	899	890	878	884	870	897	869	887	882	879	878	876	889	895	877	883	872	874	865	882	869	874	877	888	877	864	859	872	870	874	884	853	870	873	873	854	882	857	876	872	873	881	880	884	864	886	872	870	860	874	881	882	867	860	871	870	887	875	872	883	869	845	867	870	875	870	882	865	879	873	881	889	872	865	874	882	870	850	860	871	873	867
891	889	900	898	868	887	884	888	891	866	889	872	878	871	877	876	874	893	893	882	880	881	880	898	871	886	890	888	877	883	887	865	878	888	891	881	882	893	878	883	878	875	882	903	893	897	897	877	875	880	892	870	876	875	870	884	869	884	893	885	868	882	884	886	898	878	873	864	873	883	881	882	878	870	887	880	891	879	893	893	894	887	887	892	878	885	895	869	884	889	884	885	886	892	894	884	890	897	890	895	894	877	882	897	885	877	898	893	896	896	878	877	890	906	884	867	888	893	893	888	901	890	892	908	910	892	899	912	892	887	886	897	908	902	873	899	878	882	893	890	909	903	891	892	891	890	875	887	908	901	883	883	869	894	880	875	907	880	895	892	881	887	892	885	890	890	871	898	872	891	881	889	891	892	879	866	900	873	870	887	879	872	882	895	891	871	870	873	877	871	881	883	888	886	891	886	877	882	883	881	875	876	869	869	890	859	876	870	862	869	869	870	867	881	876	864	875	869	876	870	874	867	870	868	875	873	865	881	870	875	870	866	860	887	877	863	865	852	881	862	875	882	864	868	879	877	871	868	862	869	864	869	856	879	860	882
880	876	873	880	883	866	886	890	890	877	895	879	867	877	864	881	871	911	886	874	878	881	873	887	889	867	876	868	885	882	891	880	886	870	873	885	900	885	869	864	884	886	878	876	876	886	887	885	908	894	873	885	892	882	879	882	890	900	877	879	887	887	894	872	873	879	873	875	904	898	889	882	879	894	881	876	881	881	895	892	896	862	880	881	886	900	873	874	882	893	876	876	889	885	898	888	872	888	892	883	876	874	894	874	899	878	879	895	907	899	893	887	889	889	879	906	901	886	902	861	891	888	899	901	890	885	886	891	894	883	882	883	917	899	901	903	895	880	899	894	903	883	898	901	893	897	889	885	888	894	884	902	886	890	889	894	897	893	895	882	871	894	884	895	883	873	885	896	891	871	878	880	878	897	879	897	904	887	872	879	878	876	869	882	893	863	874	886	885	872	873	885	865	888	866	892	872	884	878	871	874	860	870	879	881	871	858	869	859	868	877	877	880	875	882	870	888	886	863	877	873	856	861	881	854	874	854	858	882	863	887	885	883	881	875	857	872	873	880	875	870	874	868	872	851	867	885	860	880	867	883	858	870	872	875	861
892	875	880	893	885	880	871	878	894	886	874	875	877	883	871	899	881	886	891	887	889	886	895	871	873	878	881	891	881	880	869	890	883	874	872	874	879	881	877	874	883	877	880	870	883	893	868	882	865	877	884	898	885	884	872	884	865	870	882	890	876	878	885	875	873	866	897	878	881	886	887	894	889	884	887	883	893	894	894	877	881	876	893	895	884	884	892	876	885	868	888	884	882	880	888	884	882	889	886	890	886	891	876	897	887	865	875	898	888	879	878	895	899	890	877	891	883	913	893	878	905	895	920	886	897	876	899	886	881	918	894	883	887	896	887	899	901	883	898	879	893	882	895	881	893	892	893	891	874	896	894	894	895	909	882	889	879	895	894	875	902	889	885	879	859	887	884	876	867	885	885	890	870	891	876	888	879	885	861	894	888	875	882	884	901	878	877	885	884	880	891	890	878	886	880	889	877	889	871	874	862	902	874	881	879	863	877	871	870	875	881	866	877	897	877	862	893	848	852	874	889	860	872	874	859	868	878	862	863	891	870	865	873	867	865	851	876	876	871	858	893	852	870	859	869	868	852	883	871	866	872	878	859	877	869	862
876	893	885	879	868	888	872	888	885	884	894	882	888	884	886	895	889	878	888	879	861	876	853	880	891	880	894	882	896	895	898	887	885	884	875	897	863	876	878	887	892	881	868	891	881	874	876	874	893	874	871	878	887	864	905	889	887	899	896	880	880	875	883	884	888	888	895	889	880	900	880	893	886	880	870	888	880	873	876	901	886	884	892	884	888	899	892	888	884	858	867	884	882	882	885	875	880	893	887	896	899	882	896	899	910	897	899	884	879	875	896	893	904	887	895	890	882	902	905	887	891	887	893	886	911	895	887	878	887	905	897	891	895	885	896	888	889	881	890	886	888	882	878	897	909	898	883	893	874	886	879	885	896	899	893	879	876	868	879	890	869	884	882	887	887	874	892	863	877	879	879	878	909	880	893	871	891	876	892	866	883	889	882	880	891	881	860	871	876	887	884	880	871	876	897	884	876	869	868	870	864	878	872	878	883	852	877	872	875	875	866	872	884	883	891	867	886	872	859	879	871	861	874	861	853	873	870	875	872	876	888	889	873	888	868	874	868	872	874	868	883	862	872	877	862	873	875	888	864	885	878	865	868	858	866	871
872	881	873	881	871	886	884	882	886	887	873	880	875	901	879	882	894	881	874	887	897	891	872	889	889	886	877	872	886	866	891	884	880	885	879	875	876	898	872	885	887	882	887	898	872	867	881	885	879	862	883	892	892	873	857	877	872	884	882	886	896	886	878	885	889	882	885	899	868	878	871	880	881	872	873	881	874	862	886	878	876	865	887	879	887	874	880	863	883	881	913	860	871	887	888	900	874	883	889	876	888	895	877	888	882	896	881	890	888	891	898	878	889	896	885	905	903	892	890	904	890	885	892	893	890	895	890	894	886	891	883	893	883	877	885	889	888	903	904	882	896	900	889	912	887	912	880	880	884	895	890	890	898	904	887	889	895	905	898	865	898	885	876	891	880	859	880	902	883	896	883	876	885	885	890	857	882	876	880	889	880	865	868	868	882	874	874	900	868	881	871	887	886	880	878	865	889	875	892	881	878	876	887	890	874	871	880	873	877	865	861	884	876	856	892	864	874	876	874	882	866	875	862	883	865	867	877	871	869	872	869	866	851	866	886	878	875	879	881	879	873	859	865	866	863	870	877	866	885	857	865	866	865	876	864	856
879	869	882	886	893	895	880	893	851	880	885	880	888	877	868	876	894	884	882	872	888	879	888	871	878	886	875	898	897	883	887	883	871	876	867	871	875	891	868	895	889	877	879	878	899	880	890	885	887	895	872	883	874	885	871	884	879	867	880	891	892	899	889	882	879	884	881	876	899	865	896	874	878	891	886	894	887	885	885	887	879	871	880	880	877	889	891	886	876	896	900	875	879	878	888	888	887	887	891	892	884	883	897	893	888	876	905	882	876	904	898	896	885	888	888	897	888	888	878	888	900	904	888	887	914	890	884	898	895	885	895	878	883	879	882	897	891	895	883	875	896	907	887	885	891	872	905	881	896	875	878	890	894	874	873	887	879	865	875	870	897	895	876	891	887	890	879	892	895	893	887	893	896	905	878	883	876	894	878	879	891	874	883	887	897	881	879	861	883	860	882	885	872	881	886	893	892	852	874	867	874	880	862	883	879	867	880	877	875	875	885	880	864	873	867	860	872	870	866	865	876	884	861	865	866	862	872	882	888	881	875	864	879	864	888	855	860	867	862	854	865	858	877	873	863	866	857	868	862	879	869	878	862	887	865	876
868	880	872	876	889	874	870	888	896	886	893	887	884	876	871	878	881	884	896	873	883	880	882	898	892	883	890	885	885	866	881	883	898	896	901	870	879	877	882	876	897	891	872	891	884	878	883	878	879	870	889	867	875	885	859	894	893	867	880	883	875	872	891	894	887	889	864	889	899	885	898	858	876	879	870	891	883	870	883	887	881	893	875	883	879	870	888	881	885	881	865	878	892	878	894	886	879	876	891	879	907	891	900	897	899	897	889	902	872	885	900	886	883	892	894	884	883	893	902	897	890	887	904	907	908	913	895	874	879	894	898	899	901	881	901	891	887	876	896	908	897	885	856	910	886	866	888	902	891	877	893	878	879	895	892	900	885	893	893	882	872	892	886	878	895	888	896	881	881	891	894	890	888	890	885	889	901	884	873	882	882	876	882	886	879	885	896	881	873	873	886	896	868	876	880	891	896	858	880	878	851	868	881	870	887	855	884	872	869	877	859	874	880	870	870	869	879	888	875	861	872	877	878	871	860	878	872	869	885	852	873	886	884	864	866	886	883	870	858	885	873	877	867	873	868	868	870	867	876	866	880	875	871	868	871	862
882	880	876	875	900	897	876	880	883	896	876	874	870	895	878	878	871	867	885	871	861	883	885	880	887	878	883	874	880	875	877	883	887	870	885	872	891	871	887	874	876	867	881	869	881	870	891	876	892	882	865	883	872	884	879	896	893	876	866	869	872	890	868	871	880	886	877	872	881	882	881	878	886	892	877	870	867	903	878	888	893	879	879	899	866	888	885	901	901	883	868	876	898	908	907	890	876	879	896	893	887	888	881	886	900	881	882	884	901	888	894	889	890	886	914	899	884	871	887	895	901	894	891	895	895	902	883	891	891	907	895	905	885	883	881	887	904	886	893	898	883	876	889	894	875	893	890	890	899	895	894	887	895	885	861	875	907	905	900	896	885	885	890	898	872	878	896	887	891	874	893	890	883	891	875	876	865	895	881	879	864	880	883	878	905	884	890	879	877	880	874	881	877	886	866	877	870	876	857	879	878	877	864	874	887	869	878	880	867	885	866	873	870	883	858	871	876	867	867	849	875	874	861	875	872	875	861	874	883	872	873	872	865	861	864	874	884	874	880	882	867	878	883	874	875	867	881	865	869	881	851	862	864	868	858	887
890	874	880	893	871	877	881	874	872	893	862	886	903	884	884	893	869	883	888	882	884	864	893	878	865	876	878	862	875	870	890	887	867	881	869	873	881	905	874	896	870	888	892	895	888	889	882	878	875	900	888	875	879	883	886	888	897	881	879	863	880	882	884	889	883	890	879	878	890	885	873	873	881	887	884	892	886	876	885	868	888	889	870	878	880	878	890	881	897	878	883	873	876	904	895	905	898	882	890	883	870	897	883	915	873	881	890	879	887	894	904	891	901	899	881	896	901	886	897	886	912	918	915	892	899	898	891	885	914	881	889	903	892	895	904	908	885	906	893	896	902	880	901	904	878	903	886	898	872	901	899	897	899	886	886	921	888	891	893	881	878	890	871	890	890	885	905	877	897	871	868	880	898	890	885	882	884	885	889	870	895	882	902	876	897	887	883	877	896	880	875	885	870	878	882	877	878	863	881	875	856	877	877	872	887	876	884	886	872	871	896	884	877	878	873	878	864	860	867	862	847	866	880	875	865	891	861	874	863	866	863	864	865	879	877	885	870	864	873	862	894	853	888	882	849	883	868	876	877	872	875	872	862	880	872	875
885	891	874	888	870	880	887	877	868	899	880	883	884	874	895	892	879	886	883	855	892	889	891	889	881	870	870	877	876	876	871	883	870	872	892	873	899	895	886	902	868	875	865	885	875	870	887	878	892	891	869	889	889	872	877	876	884	872	888	876	868	866	880	890	880	890	883	876	893	882	893	871	868	878	881	878	859	878	879	878	867	887	883	897	875	893	869	885	874	891	900	886	890	889	889	880	897	885	898	864	878	898	890	895	874	905	895	881	887	901	884	893	926	891	894	910	892	889	915	907	877	906	888	883	905	902	887	904	883	876	889	897	878	897	884	888	884	895	892	908	878	892	895	878	876	873	892	897	911	886	898	880	898	893	885	871	894	869	874	888	883	899	878	903	892	875	879	873	881	882	885	881	892	888	879	896	878	866	884	879	886	889	881	854	881	887	868	870	875	882	881	874	867	899	873	882	877	875	881	874	871	894	875	878	877	875	871	877	857	868	883	865	880	866	874	889	868	874	885	877	880	880	855	860	878	882	876	871	874	851	881	872	873	879	879	870	868	874	869	863	867	890	877	874	885	875	873	870	883	890	879	872	877	869	873	873
883	880	873	876	876	887	878	884	870	874	889	895	882	875	859	870	881	879	889	877	877	886	883	870	862	876	883	881	881	887	866	883	878	866	879	881	875	867	897	867	888	879	869	900	877	880	875	864	894	880	886	911	880	865	886	875	879	876	870	887	887	867	876	897	873	887	885	878	884	886	881	892	897	878	871	872	894	892	885	889	890	875	896	882	880	877	885	872	895	880	892	892	880	899	872	884	880	894	891	880	906	896	889	881	882	903	896	894	896	887	901	902	883	896	907	892	891	879	896	877	872	887	891	888	894	896	901	881	882	907	908	916	896	901	891	886	894	896	900	883	887	885	904	884	913	891	878	876	906	896	897	889	882	897	888	890	900	893	892	876	901	878	868	886	876	868	887	896	893	894	898	897	870	876	889	899	862	883	882	902	877	891	887	897	891	872	889	879	882	871	854	866	881	875	875	885	867	870	865	865	882	867	877	870	882	871	875	904	879	895	869	885	866	863	881	870	874	871	879	878	871	865	859	877	875	887	866	865	866	865	875	863	890	865	866	857	867	887	866	869	882	875	879	877	870	865	873	867	872	873	878	872	889	878	860	877
887	890	891	887	879	871	891	895	887	875	883	877	883	881	885	879	886	887	868	876	883	885	899	894	886	887	878	879	875	879	871	879	887	885	871	873	883	875	856	901	872	877	879	866	880	878	876	867	875	886	879	874	867	883	895	893	879	881	897	879	886	881	860	886	881	889	882	894	893	884	886	893	883	898	882	879	874	877	879	889	867	879	876	871	900	887	883	890	879	880	911	881	879	879	884	871	868	899	879	884	887	876	893	899	886	891	900	884	895	869	887	892	882	877	880	879	918	879	880	904	883	883	883	900	906	899	897	885	888	877	899	890	900	908	892	893	887	878	900	888	900	893	887	904	892	880	890	903	874	892	876	903	905	901	898	888	877	874	888	873	890	888	893	874	884	879	886	864	873	888	885	889	880	878	890	882	874	874	883	883	887	891	903	879	899	871	883	877	875	883	881	877	878	879	867	884	888	877	891	887	866	870	866	883	895	863	879	887	879	853	875	875	867	869	882	865	885	873	864	861	868	876	864	874	890	870	862	866	871	871	871	877	875	863	869	861	866	865	863	868	866	879	866	859	878	877	869	889	867	867	854	858	862	877	863	871
880	887	879	891	894	896	883	881	877	877	888	877	884	878	864	886	886	896	895	892	893	869	884	875	876	880	870	872	883	880	882	881	878	891	874	885	850	877	879	871	890	885	882	881	871	885	882	883	882	875	892	885	877	889	849	870	892	880	866	884	881	886	884	877	898	888	873	892	884	879	888	878	872	896	905	870	883	880	878	878	891	875	866	871	891	887	887	887	887	865	887	873	871	897	868	883	880	885	876	890	883	882	876	878	887	895	887	890	895	871	903	889	895	897	885	893	890	891	906	898	868	893	889	885	889	890	898	880	878	898	879	887	894	901	895	881	887	893	892	897	892	883	892	888	884	882	907	888	888	886	895	891	876	886	887	881	887	876	885	889	898	869	890	896	882	875	896	877	892	895	865	894	876	892	893	886	891	878	882	888	875	877	873	887	896	885	892	890	879	892	896	868	887	877	876	874	872	861	880	868	871	872	882	872	890	863	862	887	860	889	889	887	885	872	872	870	867	886	874	870	889	863	865	875	885	880	877	874	873	862	880	872	853	856	883	878	880	860	852	885	883	882	880	850	876	873	881	874	865	876	870	872	873	858	872	887
883	875	862	904	881	875	889	865	882	890	883	886	898	885	887	863	899	887	894	867	869	887	877	885	879	864	889	890	874	879	886	872	897	879	887	901	886	886	877	875	878	875	889	866	877	883	891	886	887	870	885	889	867	893	877	878	884	887	874	874	879	878	871	885	877	871	877	881	890	872	891	886	892	893	874	871	887	862	894	881	895	877	875	867	882	889	876	899	883	899	878	890	893	899	871	889	899	884	889	899	878	889	894	884	881	879	884	889	888	890	889	880	906	906	893	890	886	879	903	880	911	891	893	911	886	905	899	898	887	891	880	889	891	899	883	896	886	887	883	913	886	897	879	875	902	895	894	911	871	879	893	895	897	889	883	880	873	892	890	895	876	880	874	877	889	890	884	879	882	898	887	874	885	891	885	883	875	886	875	884	885	873	887	881	894	878	874	891	886	885	887	893	891	867	884	871	880	873	867	856	863	888	872	889	872	855	884	862	876	886	883	884	871	856	865	875	862	867	876	862	871	891	865	892	875	873	863	856	878	861	876	877	874	871	886	872	878	879	865	885	872	859	867	868	880	876	883	879	896	856	864	861	875	872	864	864
883	880	891	895	887	879	894	885	889	903	867	875	892	886	873	871	879	886	861	872	867	889	895	884	882	879	872	891	878	865	885	886	885	873	888	874	877	888	894	900	889	884	878	899	880	884	892	887	887	882	878	866	869	883	879	883	865	892	887	887	883	882	878	909	881	885	879	885	888	892	868	889	898	890	892	890	866	877	889	880	887	893	892	882	886	889	888	884	865	887	886	900	886	898	885	897	898	863	887	894	880	873	893	887	875	894	884	874	881	893	911	900	869	882	878	891	886	892	903	905	889	891	900	869	880	908	897	888	888	882	904	894	894	890	883	894	909	893	903	909	895	888	894	875	882	891	884	879	871	891	883	892	875	889	903	881	886	903	892	897	878	895	897	896	872	899	909	894	892	902	879	892	891	884	891	885	892	897	896	871	882	892	886	876	883	881	872	881	886	873	868	880	870	887	870	876	892	869	863	869	882	876	896	887	886	865	888	884	863	897	868	858	886	877	864	864	869	885	880	864	876	874	876	868	866	874	877	870	884	869	893	878	871	874	868	878	865	877	871	862	895	882	854	881	875	863	887	865	858	871	853	883	872	865	881	860
880	875	896	856	867	882	875	880	860	883	875	871	872	864	879	889	887	892	886	893	890	883	890	889	896	879	867	869	880	884	885	875	872	856	876	884	899	882	876	860	888	885	881	882	872	868	880	882	881	886	892	888	887	884	879	874	880	879	876	877	883	884	885	878	878	881	882	890	881	865	870	885	881	886	866	855	884	878	875	879	869	882	887	883	883	866	877	899	867	883	883	892	863	891	903	883	892	897	877	875	883	892	900	902	891	889	882	874	881	895	890	913	887	892	895	875	884	895	888	905	885	880	885	890	876	906	896	894	875	890	895	890	879	887	891	901	905	887	899	871	892	906	893	899	907	888	903	888	901	881	886	897	890	882	898	871	882	889	897	891	893	889	884	874	877	876	870	898	883	876	886	873	893	867	880	871	896	890	871	892	873	906	891	879	884	880	883	875	879	892	880	877	875	865	878	882	886	905	876	877	867	895	880	882	892	885	889	880	879	876	888	880	880	869	872	870	872	870	872	876	877	868	857	876	858	866	856	874	868	859	873	862	875	868	871	866	887	873	882	885	865	875	864	879	870	870	881	876	887	867	877	872	872	877	871	866
890	878	871	890	888	901	883	895	883	880	886	867	881	871	898	887	885	876	871	883	899	878	878	885	881	887	873	881	890	884	885	884	894	879	882	882	878	881	881	873	883	889	884	874	866	877	872	894	879	875	886	882	883	873	893	893	889	883	882	860	884	880	877	875	902	902	900	894	893	855	881	892	871	890	875	876	880	893	895	881	916	886	876	893	874	888	881	876	872	895	884	892	868	874	903	880	900	892	889	881	876	878	890	890	878	886	895	891	891	889	907	885	907	891	900	913	888	887	901	880	886	878	899	904	908	889	879	907	882	890	886	889	919	889	897	907	914	889	896	900	899	895	878	896	884	877	885	889	888	884	892	890	890	916	894	884	895	899	900	883	884	885	889	896	877	888	888	868	882	882	886	894	878	873	877	891	883	893	872	878	879	887	876	874	885	883	875	882	871	878	881	889	877	875	871	888	872	886	865	875	864	870	881	872	873	866	865	880	854	872	883	870	872	861	872	889	869	886	876	874	870	880	857	872	865	871	876	864	878	870	863	854	864	871	871	873	881	866	867	873	846	864	867	863	860	869	878	877	875	870	878	881	880	863	869	875
889	897	873	870	883	884	874	882	879	879	894	873	883	871	885	885	886	869	903	874	872	867	884	891	877	888	881	890	887	878	888	866	887	893	895	886	883	877	878	879	885	899	894	883	881	872	889	907	881	884	888	888	877	878	874	902	882	894	869	881	907	871	875	858	866	901	889	881	873	877	874	882	872	866	886	881	905	892	871	879	888	880	878	881	865	894	894	893	872	876	883	887	880	872	874	887	891	914	888	885	885	885	883	888	874	890	882	887	884	879	889	905	877	896	867	896	882	900	908	891	888	893	880	902	893	910	888	890	905	898	893	890	905	894	909	894	889	902	881	884	895	894	887	890	884	901	899	881	901	896	892	881	896	884	888	884	876	900	892	900	876	898	878	880	888	894	881	877	874	894	899	868	914	883	887	871	874	883	875	879	875	891	887	877	877	875	881	887	870	894	891	872	881	885	875	867	868	878	878	875	891	878	887	887	875	873	881	855	875	885	866	900	875	865	876	881	864	881	870	874	878	872	862	883	851	875	878	881	881	875	865	867	866	880	881	864	871	853	874	862	872	881	872	877	859	854	876	862	866	869	865	874	867	849	878	874
892	884	879	888	895	888	872	873	880	883	888	898	890	882	883	872	899	853	885	879	878	873	900	874	871	851	868	884	871	885	871	880	886	873	890	893	890	881	874	893	894	867	892	875	876	887	877	884	885	884	895	874	876	892	888	869	885	880	888	888	888	884	892	878	898	882	880	876	881	891	881	890	876	900	883	872	889	874	902	887	878	882	895	887	879	877	893	889	889	893	880	896	882	876	884	886	886	903	878	890	909	889	887	907	883	898	894	873	913	901	883	879	874	890	888	915	891	907	905	900	887	887	893	884	890	901	889	894	874	885	900	876	873	889	880	894	896	894	906	880	917	880	919	897	890	896	882	903	906	883	892	871	889	889	891	878	883	888	890	897	899	891	892	873	900	907	877	900	884	882	889	886	884	886	889	886	887	872	881	888	871	889	896	886	874	881	880	880	887	887	860	876	878	881	885	868	888	869	874	882	868	888	880	887	875	866	876	870	873	869	885	880	859	888	890	862	890	877	866	875	881	861	866	865	873	868	876	861	872	870	864	870	864	886	857	874	869	866	857	864	879	874	875	880	866	887	871	877	866	863	863	873	874	861	849	885
882	863	892	893	868	895	881	886	874	876	889	874	883	883	876	890	885	863	873	892	881	888	881	874	882	884	868	884	859	869	886	882	892	891	872	877	861	890	889	888	876	870	869	878	890	888	877	882	885	881	872	882	869	874	898	894	865	886	897	865	867	874	893	876	878	897	891	874	880	871	878	883	893	888	879	877	879	888	884	903	892	887	866	884	887	892	883	875	876	875	874	867	883	884	865	897	875	895	876	888	886	871	879	868	878	887	895	893	884	883	879	907	890	900	903	893	885	873	896	905	910	888	898	904	900	909	894	883	900	868	892	871	905	884	882	892	891	884	890	905	882	895	880	907	900	889	887	904	889	888	870	873	900	892	886	895	894	906	904	893	885	881	869	882	886	882	880	902	879	883	879	888	877	891	895	885	896	892	889	887	892	904	876	878	879	904	868	896	893	875	870	872	874	868	885	887	888	875	880	876	875	896	875	878	884	869	880	863	873	880	874	884	869	858	890	869	870	882	859	881	856	871	863	863	880	874	887	885	869	856	895	879	850	878	874	871	877	887	871	855	869	872	853	875	873	864	888	870	883	862	876	872	861	853	865	866
866	888	857	875	893	889	890	888	865	888	864	881	890	892	878	888	870	887	878	867	872	897	879	865	893	874	886	883	878	878	871	889	891	879	885	887	892	889	881	878	877	886	872	892	895	882	899	874	896	869	879	903	875	876	890	863	879	891	888	887	877	877	883	892	881	878	878	885	876	878	889	893	866	896	873	880	890	879	884	894	884	895	877	878	887	882	887	874	889	871	885	879	879	878	899	906	903	905	881	873	895	887	880	892	888	893	899	896	898	870	904	887	876	889	887	888	887	894	886	901	888	901	877	885	902	896	900	894	872	895	912	878	879	894	877	918	895	887	901	890	909	897	885	888	907	882	884	910	894	903	883	900	905	873	887	885	884	894	882	889	888	890	889	895	880	882	889	896	887	886	871	880	894	881	873	905	872	895	886	874	880	878	881	879	887	884	881	868	873	871	874	880	872	856	887	893	886	880	870	873	872	873	896	879	908	880	838	890	861	876	874	881	877	878	872	877	868	870	873	884	860	876	875	872	870	884	866	879	874	869	874	869	855	891	874	859	878	867	885	869	867	859	865	874	852	891	877	868	865	874	889	848	858	872	885	862
884	867	879	891	878	876	883	873	863	877	876	897	878	879	898	878	892	877	869	885	877	876	884	878	892	880	886	872	895	880	884	853	894	881	876	876	888	883	876	892	896	890	883	870	882	892	887	883	879	883	884	881	883	881	869	890	874	877	878	872	887	883	876	873	880	897	895	868	886	882	876	887	888	889	895	890	871	874	884	875	867	885	881	886	863	885	888	866	881	883	860	886	875	882	881	890	895	885	885	870	893	871	874	890	901	894	877	879	881	894	911	892	897	888	879	897	892	890	890	887	876	886	895	901	891	908	909	887	876	909	884	888	895	906	896	872	888	879	879	890	876	904	889	883	883	890	882	900	891	887	883	899	892	891	881	889	891	892	909	904	884	881	884	900	852	872	912	880	902	884	878	882	888	871	880	887	885	886	887	874	863	880	875	871	879	879	858	891	883	887	873	883	885	891	887	878	897	880	861	865	875	880	878	892	874	871	868	887	870	879	879	882	881	863	869	865	867	876	869	856	868	875	872	862	884	892	877	886	875	874	866	888	879	879	881	883	864	887	875	870	875	864	891	873	871	877	872	871	864	869	876	884	871	864	870	870
880	868	885	876	889	876	860	882	882	900	894	868	881	879	880	883	870	892	887	876	887	885	888	887	876	875	866	866	883	876	877	879	883	881	882	886	867	873	886	879	879	885	880	877	871	875	878	872	882	877	887	873	888	895	880	887	890	890	893	876	895	891	873	872	884	901	861	884	880	856	902	888	880	876	878	895	878	868	878	901	881	861	870	873	902	872	892	899	878	871	882	894	901	863	883	897	885	884	881	897	886	896	898	892	884	883	892	873	886	886	877	896	902	911	885	870	902	879	881	888	879	891	909	890	904	901	891	906	879	894	882	885	887	889	879	889	886	907	886	893	884	877	887	885	890	890	892	887	890	897	893	890	887	889	890	896	881	877	888	887	896	892	872	872	877	890	888	898	882	886	871	898	893	875	881	887	895	876	903	888	883	881	886	883	872	887	882	861	871	876	875	881	874	867	880	887	888	873	875	870	891	880	888	877	889	871	882	874	878	882	859	889	873	869	869	871	882	886	872	874	871	869	889	864	869	885	878	880	892	876	882	891	854	852	868	869	875	881	884	892	868	859	878	890	876	864	867	879	873	890	882	869	865	864	865	857
881	864	891	896	877	890	886	885	868	886	873	879	874	876	877	882	867	883	888	884	873	881	881	882	886	866	878	898	885	887	881	879	875	896	887	882	881	883	884	889	881	872	873	890	898	892	872	884	883	883	884	882	892	889	867	866	875	882	898	883	881	871	885	883	867	888	877	878	889	877	876	872	887	890	876	886	878	881	893	858	883	875	872	894	885	877	879	898	889	890	894	883	881	874	901	893	891	894	899	890	904	887	873	901	897	890	881	898	886	876	883	886	883	909	904	907	905	887	882	892	881	882	877	875	884	894	881	876	887	884	899	878	890	903	880	889	893	895	883	884	886	890	889	863	886	881	889	900	893	907	886	894	892	914	893	891	889	872	897	892	873	894	874	886	878	886	887	883	877	865	875	881	897	876	872	879	880	864	876	894	885	890	894	876	881	888	883	879	878	882	876	861	887	899	883	868	878	865	891	879	860	885	894	881	879	870	884	869	876	865	873	866	880	864	862	880	889	892	874	873	880	874	870	857	870	882	881	875	878	873	857	862	875	865	878	854	871	871	870	877	865	879	871	871	872	870	875	863	875	882	863	887	869	879	877	875
869	883	889	890	887	866	875	882	877	869	897	871	883	880	868	876	889	885	880	892	888	862	884	884	880	864	887	888	878	870	884	885	876	877	873	898	876	872	878	894	891	882	882	873	875	883	881	875	892	887	893	890	899	888	897	886	891	881	882	890	859	885	892	879	883	893	882	890	887	879	868	877	885	885	867	870	876	878	876	879	871	874	897	900	885	879	869	886	898	878	881	878	873	869	873	886	905	884	878	898	897	888	886	889	873	884	880	873	890	884	890	872	880	895	884	887	908	884	899	890	879	876	882	905	883	891	890	893	898	875	889	883	892	909	891	886	899	900	888	891	871	893	872	880	903	873	892	894	892	873	894	882	879	886	880	883	875	885	885	884	905	895	888	890	880	868	885	890	883	898	862	886	895	893	877	883	893	903	874	894	873	888	887	869	883	884	888	875	868	889	872	880	887	874	878	888	888	883	887	885	878	876	877	849	882	887	896	868	874	879	863	874	876	879	881	873	865	872	881	882	872	870	858	864	879	856	861	881	874	873	866	868	864	883	864	859	868	878	889	882	875	868	883	872	867	879	874	865	878	877	877	855	868	873	866	858
885	879	915	880	885	872	887	871	872	884	874	881	901	886	882	885	872	860	875	883	880	862	876	881	879	878	885	876	876	881	879	876	886	886	878	887	876	859	885	877	881	884	899	874	896	890	874	885	875	880	873	891	880	879	868	878	897	886	877	894	893	890	885	882	873	892	871	870	891	870	886	881	887	883	883	877	884	877	881	897	880	872	872	876	900	868	900	882	886	888	884	874	879	885	870	902	885	901	880	881	879	878	902	894	882	887	899	875	871	893	877	879	865	875	884	906	871	890	903	872	905	895	889	889	888	886	883	894	902	894	883	893	881	879	915	877	868	888	895	889	886	912	924	883	902	887	888	892	901	909	891	882	890	884	888	891	905	883	892	892	885	886	877	884	902	886	881	868	876	873	873	878	872	888	888	888	869	886	870	888	876	870	877	881	882	874	887	880	866	869	893	895	890	877	882	878	881	879	862	877	877	866	853	879	874	874	875	868	881	873	883	861	886	862	880	851	866	895	871	890	863	883	861	871	875	869	879	876	879	853	884	881	880	867	872	874	858	854	883	868	871	863	867	863	872	879	863	875	875	860	865	869	867	865	870	872
895	881	890	891	884	883	878	875	875	898	887	893	893	869	893	869	894	892	856	876	866	881	888	880	884	899	870	882	882	900	871	867	887	873	884	877	859	883	876	874	878	865	889	882	895	901	874	880	877	885	882	889	902	878	892	881	876	885	897	884	894	886	878	850	884	883	897	887	879	876	883	880	869	891	900	891	874	888	889	894	871	887	876	884	893	875	893	890	884	876	887	878	867	880	878	895	891	865	886	891	893	883	872	889	897	884	897	880	878	896	892	886	890	885	884	892	891	879	880	876	886	891	891	894	892	879	905	899	891	886	889	906	891	895	881	870	901	893	885	876	891	872	894	872	896	887	896	903	904	884	883	872	873	906	882	881	892	902	873	883	896	870	889	894	885	868	871	890	883	876	900	887	875	891	870	882	885	871	889	895	871	892	889	884	889	881	880	882	890	888	892	856	881	875	892	884	870	878	873	870	884	885	859	882	865	852	882	871	875	880	884	887	861	857	878	876	871	862	854	877	866	859	873	879	890	885	883	868	883	889	872	865	892	887	862	862	870	874	869	879	869	869	879	866	875	890	866	879	855	877	885	877	875	865	854	864
886	861	878	878	894	891	882	873	889	889	867	881	906	868	882	887	880	875	878	875	875	876	893	875	877	875	888	874	887	872	873	896	881	891	892	876	884	878	883	886	890	880	895	885	885	895	878	881	876	884	895	895	880	880	902	889	875	882	872	885	876	861	875	884	898	876	886	867	856	879	892	877	885	888	879	876	874	874	888	879	874	885	881	874	889	875	888	888	877	890	875	890	888	890	901	887	885	862	893	890	883	886	879	882	889	891	883	881	897	894	901	897	892	876	881	886	888	900	900	884	881	888	874	872	922	898	876	883	890	887	885	890	891	883	893	894	899	893	891	910	889	887	882	907	881	886	885	911	887	882	891	892	889	915	879	889	904	874	879	891	878	890	895	887	887	881	893	887	897	889	890	884	871	888	892	867	880	887	884	894	885	892	891	890	895	886	882	881	869	887	859	875	858	878	881	881	871	883	887	872	856	865	873	887	866	884	872	882	871	869	856	870	865	869	870	862	853	876	874	893	889	864	880	853	870	868	892	862	880	867	876	874	881	882	887	854	883	884	879	869	867	871	874	857	866	887	877	879	882	863	851	880	869	869	877	885
883	885	880	881	890	883	896	870	892	891	893	868	893	870	887	884	880	862	885	871	874	888	873	876	887	865	884	876	882	887	868	892	880	891	861	888	864	866	889	874	878	884	887	886	897	873	892	883	883	888	876	880	879	881	888	868	882	871	900	872	902	885	883	894	878	891	874	869	869	877	889	899	884	892	900	870	883	868	860	884	879	889	882	898	876	887	888	871	887	880	881	896	887	873	882	890	896	889	892	879	893	884	892	890	909	898	870	882	889	900	903	879	893	892	880	891	897	894	890	880	885	904	887	883	888	892	894	889	879	900	888	877	874	881	890	884	896	885	886	893	906	914	900	893	888	889	883	892	894	886	884	889	886	901	869	898	912	901	874	880	905	874	896	895	886	900	873	882	885	887	868	878	887	884	887	870	863	879	878	899	875	867	867	859	895	889	883	863	877	883	894	873	857	876	871	891	866	866	880	863	891	875	887	870	863	859	863	861	875	871	859	883	874	875	869	861	869	865	877	866	884	862	890	864	863	862	859	855	878	877	863	883	861	891	870	863	869	880	873	871	867	876	866	876	887	863	870	863	872	863	867	865	871	862	867	863
866	874	868	907	874	879	877	884	873	897	881	860	868	894	874	884	874	874	889	881	900	895	873	886	882	886	879	880	873	889	877	887	878	890	878	888	893	891	871	887	878	864	881	897	879	877	898	880	886	873	880	881	886	885	876	896	890	893	880	870	888	881	878	880	865	884	880	891	892	888	876	876	871	860	884	882	882	893	876	874	895	891	874	878	871	883	863	877	875	881	899	887	884	875	872	871	883	878	873	870	873	883	893	892	867	882	875	898	882	897	891	885	873	887	898	887	880	888	883	901	889	886	868	893	864	902	895	880	904	862	883	901	886	888	895	879	888	881	892	901	887	878	886	882	902	887	889	881	881	895	901	886	892	878	903	868	893	902	867	889	876	902	877	889	884	898	895	890	888	880	885	877	871	880	884	880	882	891	892	886	888	875	881	898	875	882	881	904	865	889	877	864	876	882	880	874	866	888	889	876	875	879	888	872	908	861	867	880	860	876	868	895	890	878	866	884	879	873	867	875	864	881	880	881	887	888	880	866	876	875	870	872	887	876	873	893	846	873	862	880	884	883	882	857	880	870	873	887	850	878	875	868	871	867	891	877
877	879	866	868	874	878	869	895	884	879	891	876	871	882	871	881	870	885	873	881	872	877	898	880	860	886	874	867	874	878	901	885	883	887	875	886	880	877	887	877	891	888	890	867	888	891	882	883	901	880	887	871	901	860	882	889	881	870	884	877	878	886	873	888	904	875	883	878	862	876	869	889	895	901	882	880	878	875	894	887	886	899	879	877	883	873	869	877	876	889	882	876	884	888	884	875	876	896	896	890	865	886	886	882	899	892	887	893	887	881	874	891	896	887	874	885	891	888	903	883	896	909	882	893	891	900	910	889	882	897	888	885	896	879	890	890	902	882	887	885	885	891	887	893	866	890	893	881	892	889	865	892	882	884	914	884	892	885	878	879	886	880	892	879	893	887	890	878	875	888	901	891	883	871	884	874	873	885	887	876	881	876	876	865	892	874	866	860	886	880	863	885	872	883	892	861	864	882	897	882	882	878	867	884	879	867	875	877	884	875	875	881	860	876	871	867	882	874	876	861	863	893	879	872	870	885	878	867	880	877	868	875	877	862	864	876	861	880	885	870	872	876	858	882	869	868	880	877	873	850	866	856	864	864	871	869
871	882	877	880	881	881	891	892	890	878	884	887	884	885	867	886	873	866	874	871	889	884	879	881	873	880	880	887	880	862	884	882	887	894	869	870	875	889	883	874	883	885	892	885	879	891	882	872	874	893	859	881	872	897	886	885	880	882	894	875	866	882	873	877	885	885	893	880	872	880	886	892	888	896	874	881	880	878	878	879	884	880	875	895	881	876	876	895	883	886	882	866	861	875	871	889	885	894	883	891	896	864	869	889	887	900	878	888	884	873	876	889	874	882	884	902	898	859	881	886	885	897	897	888	905	882	884	886	896	900	867	888	883	898	892	893	902	879	895	888	888	899	897	891	884	874	887	892	895	892	893	879	898	875	876	894	899	873	883	864	881	873	892	879	878	880	884	876	891	887	874	880	894	883	885	897	884	895	875	878	874	884	879	885	875	893	884	875	868	881	888	884	877	868	866	878	890	868	872	885	877	869	870	876	886	860	880	861	882	879	882	866	860	887	871	883	865	864	873	861	873	876	882	882	884	862	864	857	875	860	873	864	884	867	864	854	898	860	861	876	877	875	874	874	872	868	891	883	885	870	874	867	863	864	879	869
855	864	877	868	878	881	894	896	872	891	874	879	876	888	891	887	887	874	884	889	889	887	883	898	878	872	877	871	893	877	882	874	877	876	888	885	891	864	888	874	888	893	888	876	889	872	862	884	868	886	882	859	874	864	867	881	897	867	880	879	866	874	891	866	885	883	871	879	861	886	879	867	893	876	879	893	887	900	886	891	882	873	882	889	879	883	872	895	878	885	869	890	887	893	876	888	891	891	876	876	880	891	893	888	878	884	901	898	886	875	874	890	865	887	885	891	893	876	897	900	867	884	888	892	898	891	898	870	882	883	889	901	907	887	893	902	888	889	905	890	877	894	896	890	899	888	885	892	877	883	894	898	908	900	883	893	899	886	888	887	880	877	879	888	889	888	874	879	884	876	882	873	885	880	888	889	878	886	876	866	906	879	885	878	863	883	891	888	877	893	899	873	878	890	878	869	870	879	885	869	874	883	879	868	864	867	871	873	874	872	877	861	880	883	884	890	876	876	879	866	875	876	882	885	861	881	872	875	872	870	882	876	875	884	895	857	866	885	876	879	870	873	868	880	879	869	862	856	874	861	882	869	882	871	854	885
883	876	871	875	885	883	876	909	875	880	879	872	874	867	884	891	894	885	875	874	871	909	886	885	859	863	890	891	876	891	867	887	877	888	881	883	887	874	902	878	883	891	873	877	875	889	885	902	892	895	868	894	879	884	893	876	885	881	872	880	878	894	890	878	884	885	875	883	875	878	886	901	881	857	879	879	896	896	866	899	875	870	876	869	885	883	877	876	874	880	885	886	890	897	900	888	901	885	894	876	870	908	880	899	888	885	904	880	887	886	874	898	886	883	893	879	881	889	887	906	877	894	868	869	891	894	895	890	880	887	905	877	873	898	879	894	888	902	885	871	883	880	887	894	897	891	910	865	869	902	869	895	884	886	897	876	885	892	869	898	880	888	882	890	883	886	898	887	891	867	901	891	891	897	869	880	889	891	864	898	890	864	883	878	883	869	880	871	859	879	866	870	869	883	883	863	869	884	879	873	859	884	866	867	878	887	856	885	873	887	881	864	866	870	861	882	878	877	861	872	895	867	864	868	868	875	877	882	888	872	877	864	867	862	874	868	886	859	863	883	868	861	881	877	875	876	888	868	862	865	872	874	864	863	872	884
879	880	885	878	878	889	892	882	863	897	882	886	885	875	882	883	881	870	887	875	877	870	871	879	895	878	869	875	877	859	857	886	895	890	883	886	887	881	889	891	883	901	892	882	899	885	894	874	881	891	880	893	881	872	887	864	886	874	862	893	892	899	881	875	880	890	881	886	891	878	895	878	889	875	893	867	893	906	897	886	881	880	889	890	883	892	876	876	873	881	878	880	882	878	884	887	876	893	865	896	881	892	888	898	884	868	896	870	865	880	886	890	885	898	884	887	883	870	877	890	897	883	895	890	883	880	883	887	893	885	906	895	895	884	902	887	889	889	878	889	877	894	880	881	902	880	883	884	878	891	878	889	898	885	881	889	894	903	870	864	890	879	895	887	870	891	887	887	893	869	897	883	877	872	878	888	895	880	864	873	884	873	878	878	864	886	866	875	879	874	881	881	893	873	891	878	890	874	888	865	875	881	867	870	892	857	874	863	879	880	866	883	865	873	888	875	877	872	872	866	873	880	874	862	873	858	882	853	887	872	877	881	866	871	858	856	864	861	871	863	872	868	878	859	875	876	866	871	879	879	886	865	891	873	877	873
874	889	877	885	897	871	868	882	886	886	877	894	889	879	875	870	863	892	881	893	869	887	890	888	876	884	871	881	882	880	886	873	872	875	872	881	878	880	871	880	888	873	898	909	884	878	876	881	880	890	869	892	892	884	875	878	870	870	866	895	881	877	875	885	873	886	882	863	882	886	873	885	871	875	877	874	872	877	881	878	875	882	884	892	891	883	879	886	904	897	891	903	885	888	874	885	875	874	904	887	876	877	881	892	873	880	894	884	892	890	896	889	874	892	903	888	882	899	880	883	890	899	893	870	881	883	883	882	901	890	875	891	891	878	887	895	885	865	893	879	887	894	898	896	901	887	885	881	878	876	897	870	882	893	878	886	887	875	880	897	889	897	881	868	890	872	868	882	874	879	886	886	887	895	877	895	891	887	877	890	893	885	873	882	879	878	880	858	887	879	865	868	883	867	875	874	868	879	863	865	877	894	881	875	888	864	873	880	861	882	870	868	872	868	863	873	892	878	880	879	882	874	861	882	859	885	865	878	877	863	878	856	865	870	881	865	864	874	867	858	858	888	859	857	861	867	866	851	884	858	867	869	879	886	873	863
878	894	874	878	886	873	865	897	879	873	894	864	876	883	880	889	884	882	897	876	882	850	881	872	872	879	895	876	888	884	865	875	876	892	870	878	887	882	892	901	879	891	871	868	894	893	889	869	876	883	888	872	862	876	879	882	894	881	872	863	869	865	886	872	889	872	878	885	870	880	878	873	874	907	886	887	876	879	881	889	889	874	875	866	882	902	883	893	877	875	865	893	896	876	897	874	872	894	892	886	897	882	877	884	873	888	875	890	886	876	892	883	887	879	884	878	891	881	891	880	873	897	880	881	888	886	888	882	884	892	881	896	889	906	880	880	896	886	867	890	894	868	883	873	875	887	862	885	902	869	873	883	896	899	890	872	879	878	881	877	896	885	879	876	894	892	876	883	872	869	878	872	891	874	882	873	878	895	903	875	890	873	885	879	877	879	872	888	871	894	879	882	874	863	885	867	877	881	871	862	877	866	894	885	877	862	887	865	880	870	879	873	896	874	879	887	872	890	873	871	863	880	875	878	883	867	868	887	869	855	877	866	869	874	877	878	885	852	881	874	869	868	874	870	867	862	876	883	885	879	853	868	881	872	889	868
882	908	863	880	874	891	878	889	878	867	877	885	888	869	879	896	876	878	880	891	878	874	875	882	881	889	897	875	885	868	878	890	879	884	880	871	885	875	882	878	891	880	883	881	883	879	872	889	896	893	887	894	866	888	868	885	869	887	870	892	874	876	883	881	882	877	872	875	878	881	884	878	877	885	876	892	885	892	882	864	880	870	878	893	888	888	881	873	866	862	876	886	888	875	875	882	889	878	887	859	881	878	891	875	889	886	901	881	883	878	901	888	878	875	873	872	886	885	889	878	862	885	888	894	895	889	888	894	885	895	882	892	887	884	895	897	886	873	878	871	874	883	888	891	885	907	885	886	877	878	899	888	879	894	887	885	888	885	893	865	876	890	856	874	884	878	885	896	885	892	893	880	898	878	898	898	888	889	889	881	883	878	886	884	866	873	873	865	884	855	888	886	866	882	881	876	865	883	881	868	884	878	873	888	868	868	875	880	874	872	874	857	874	857	854	861	872	865	872	861	854	870	884	864	878	879	865	878	872	859	881	876	861	868	873	868	868	876	874	856	866	858	864	873	870	877	855	864	886	859	884	869	864	871	865	862
868	872	880	878	885	892	864	894	879	894	876	890	879	885	877	894	883	881	888	896	879	881	878	886	872	893	882	875	885	884	892	881	873	870	890	886	892	906	873	875	873	884	889	878	893	878	878	868	891	876	895	881	872	887	882	853	908	876	897	891	872	892	872	874	865	872	890	888	859	886	874	889	896	885	887	883	892	878	892	889	883	888	883	882	864	897	870	887	867	882	864	887	873	897	881	896	877	876	878	870	892	878	886	883	861	882	891	877	895	888	877	883	900	895	888	894	897	874	891	890	881	892	887	899	887	880	900	871	891	899	898	900	875	871	895	869	892	877	897	897	890	892	880	892	906	901	868	868	876	867	872	888	886	880	879	886	892	881	888	873	891	890	876	882	890	877	885	882	891	877	878	876	887	883	862	867	880	895	871	869	885	878	881	905	866	886	883	866	888	875	881	887	871	876	885	878	869	875	852	882	883	858	877	862	887	879	879	900	877	875	881	879	884	884	875	866	869	850	870	869	877	864	871	885	876	874	866	873	886	884	881	871	858	861	868	870	871	885	874	874	847	875	868	869	857	871	871	874	868	858	871	873	863	866	857	867
875	871	878	886	892	881	877	883	889	870	890	874	871	876	889	901	883	881	886	880	876	897	876	893	876	886	888	876	884	888	875	876	882	872	870	881	888	897	888	875	896	876	882	884	883	886	878	877	874	883	869	883	888	883	889	876	893	876	907	884	882	900	874	875	886	887	880	867	881	877	887	894	875	886	884	877	889	891	881	890	872	878	889	880	877	866	869	894	884	890	889	886	859	872	885	894	885	881	884	872	879	876	880	892	864	887	884	900	886	884	881	888	884	885	878	894	872	878	886	883	877	874	893	899	907	884	887	892	879	883	886	887	886	885	899	891	885	885	882	879	871	880	892	879	901	881	894	878	867	872	892	875	881	895	894	860	875	882	871	889	886	893	881	893	876	883	874	878	886	876	885	869	877	879	870	872	894	870	879	875	876	889	887	877	875	880	870	865	888	881	874	873	868	864	886	885	892	890	890	867	864	874	885	889	879	870	885	860	880	869	871	872	880	874	874	889	860	870	871	867	876	880	861	859	877	882	862	876	867	872	877	851	860	871	874	878	881	874	885	887	873	848	869	868	865	876	878	860	874	866	870	857	882	875	875	857
875	892	890	892	895	867	896	887	880	871	873	896	887	874	881	884	894	883	895	878	880	873	885	875	883	888	900	874	883	879	880	884	881	875	879	880	886	892	879	869	872	887	868	881	880	880	877	862	876	866	896	880	869	888	885	896	868	886	890	876	884	880	879	875	890	898	896	875	871	885	887	884	881	883	876	851	870	878	891	884	881	875	877	881	888	880	881	894	880	894	874	878	899	888	883	883	883	885	882	877	883	885	876	887	898	879	872	874	875	889	903	880	903	897	878	881	874	883	880	885	870	901	885	900	890	895	884	880	884	903	907	898	878	888	893	881	893	901	896	870	874	876	898	878	871	877	868	873	895	881	900	900	876	893	898	880	888	888	890	891	870	880	888	875	895	871	880	892	881	881	885	882	886	880	870	886	877	871	870	889	885	868	881	889	876	890	868	872	876	876	885	874	890	872	868	866	871	871	886	878	891	875	873	885	895	879	875	872	870	871	865	859	874	869	889	866	861	871	872	864	875	862	879	862	892	881	871	869	873	852	882	871	870	878	870	855	865	875	867	873	877	886	863	873	860	862	873	849	878	866	867	868	860	857	869	879
906	875	868	874	870	897	875	892	889	867	888	875	882	882	889	894	877	871	885	876	879	896	877	880	878	887	878	886	878	869	871	883	891	877	886	873	873	871	880	877	884	878	891	878	890	880	885	877	905	883	882	876	894	878	881	901	878	889	879	874	866	883	888	897	877	877	899	880	888	880	898	873	876	878	878	871	890	876	883	883	893	887	884	879	889	896	881	878	885	894	890	888	881	890	891	871	856	884	899	897	891	898	890	871	876	889	885	871	901	888	878	876	879	878	876	887	908	893	873	896	899	910	884	890	896	883	889	900	873	876	907	874	878	894	884	899	883	895	913	882	877	875	869	884	899	870	901	880	876	883	885	882	884	888	881	902	885	878	886	868	893	886	893	873	896	886	903	884	874	880	877	877	878	885	884	890	880	877	882	860	891	882	868	883	866	891	869	860	897	871	871	888	878	872	869	883	886	883	870	886	871	859	881	887	875	863	867	864	857	861	881	869	864	874	878	884	878	866	889	873	882	875	879	870	876	863	883	885	867	860	873	877	862	875	890	856	864	871	867	867	866	872	867	873	873	863	860	863	874	878	871	872	867	881	881	857
876	881	860	884	892	890	868	872	874	878	889	878	880	881	873	896	863	902	874	882	878	893	883	891	875	871	870	877	887	879	879	877	870	887	893	883	876	883	893	884	873	874	871	880	874	890	885	871	862	905	875	894	881	885	890	883	887	890	888	889	877	875	877	888	888	870	883	866	890	890	887	891	891	887	879	877	879	889	869	879	872	889	876	876	879	878	884	892	896	873	887	862	870	878	890	891	879	889	887	881	891	879	878	871	872	875	881	881	887	896	885	898	868	885	880	878	871	882	894	888	887	893	885	867	896	887	884	886	877	878	887	870	879	890	883	883	885	873	909	897	891	880	874	908	886	883	870	881	876	885	889	873	894	880	886	878	894	875	884	881	901	875	885	870	876	872	857	882	881	896	876	868	887	870	880	870	884	875	873	882	885	876	873	888	883	876	888	882	888	877	874	870	877	870	876	881	875	874	873	872	884	877	861	870	884	874	880	862	863	870	863	882	895	877	867	883	877	879	870	865	875	864	873	867	858	873	870	880	849	881	870	877	878	862	874	861	854	883	875	863	858	871	867	869	859	879	873	887	874	861	871	884	869	871	860	871
883	867	897	881	876	895	885	870	870	878	873	884	883	893	893	878	890	895	886	884	903	877	879	867	874	885	892	885	891	893	890	876	872	881	886	883	878	882	892	897	887	885	891	884	880	879	892	873	880	876	865	882	888	888	878	896	873	856	884	883	888	872	886	890	877	884	874	883	883	882	884	883	899	873	879	882	879	867	882	885	875	881	879	879	874	873	890	881	895	869	892	879	876	899	862	882	871	886	881	887	867	885	875	884	889	883	884	893	890	880	897	880	882	867	898	868	874	909	883	895	880	879	894	887	891	896	879	875	895	891	890	867	883	893	885	897	893	885	898	888	880	870	870	883	878	868	895	877	895	891	892	883	894	887	887	888	873	877	871	871	880	870	870	883	865	896	879	881	875	880	880	867	882	879	878	880	871	893	877	889	872	865	878	854	886	900	876	869	871	875	876	852	874	883	861	892	874	873	879	876	878	865	862	875	876	857	860	869	877	876	868	868	886	876	878	868	890	857	882	871	868	861	872	853	877	870	882	868	880	870	875	855	874	886	873	867	853	857	865	876	861	870	858	880	872	858	875	861	876	862	873	863	868	864	859	878
892	878	884	887	887	886	867	876	897	887	893	893	874	886	883	882	860	877	879	883	877	880	890	887	893	880	874	857	883	892	884	879	886	883	886	884	893	867	889	877	870	884	887	872	890	885	866	873	882	899	892	889	882	883	873	888	886	885	885	878	874	903	878	886	873	873	881	893	889	868	868	894	874	896	882	884	887	897	886	887	854	887	900	893	887	887	893	912	888	883	899	874	874	860	885	879	871	889	896	880	885	899	896	894	876	892	879	868	887	896	888	889	884	893	886	896	876	874	884	887	864	904	891	868	887	884	912	891	890	891	868	884	887	881	895	894	880	871	882	899	891	908	881	891	867	891	884	892	895	875	901	888	892	881	895	890	876	882	870	879	899	880	883	861	881	883	872	889	880	868	887	872	882	880	868	879	872	877	882	894	875	864	870	873	879	881	890	875	866	891	864	883	865	891	877	876	883	870	859	886	878	869	885	881	883	869	880	868	884	887	868	842	884	862	865	876	873	870	851	876	848	858	879	865	868	864	869	855	874	856	866	872	891	881	872	857	872	871	864	872	876	870	857	854	876	866	873	888	879	864	877	862	878	865	876	860
880	886	876	891	877	876	871	874	877	892	888	867	895	870	892	884	891	885	887	896	884	873	890	891	888	884	876	879	871	880	878	884	889	869	896	889	876	884	886	874	888	880	882	885	885	884	886	893	892	884	888	863	886	896	886	888	887	875	870	887	896	869	871	869	879	878	882	881	884	867	871	889	862	868	877	887	914	889	868	866	873	883	888	884	879	878	885	890	896	889	881	882	893	866	902	880	895	878	881	891	884	887	895	884	885	882	891	897	878	882	885	895	908	893	879	876	879	894	878	883	882	867	893	877	891	879	885	878	892	883	867	898	895	898	873	883	887	859	873	874	873	887	891	890	897	876	887	885	883	882	884	885	894	873	883	874	880	899	894	889	889	878	885	861	870	876	877	892	878	879	868	878	862	861	891	882	861	875	878	875	871	870	889	887	867	871	875	870	883	869	889	873	879	883	874	874	874	883	867	879	859	865	887	867	873	875	878	873	875	874	863	865	876	889	885	877	868	878	866	870	862	878	879	885	891	867	859	875	870	867	879	895	873	873	865	865	871	874	874	884	880	865	879	863	870	880	862	871	873	859	866	875	867	874	873	861
898	886	875	873	892	875	877	881	862	882	891	872	862	883	879	875	884	881	861	877	865	874	878	878	872	872	873	867	879	890	882	892	869	869	879	895	892	874	888	885	885	886	903	888	876	896	885	873	892	872	872	888	874	888	876	876	884	889	878	890	872	878	888	877	897	886	889	896	866	874	871	862	882	891	881	883	899	865	875	886	869	885	886	907	889	894	872	877	863	870	887	868	892	875	871	879	888	874	883	879	879	882	887	893	879	885	883	895	884	883	874	877	885	884	909	883	888	884	880	886	895	884	878	890	883	885	878	885	889	879	874	863	878	886	877	893	883	897	879	878	892	889	880	883	879	886	884	888	891	889	859	894	856	889	882	903	893	876	898	879	881	870	878	877	885	876	881	873	872	860	878	870	880	878	882	869	875	884	887	869	866	877	882	875	882	879	868	877	883	879	879	882	848	881	875	879	871	874	874	893	853	873	893	877	888	870	880	878	868	864	859	872	861	878	868	861	878	860	881	866	878	877	876	880	871	879	874	868	890	869	877	875	870	879	854	862	859	863	871	883	891	887	865	871	873	869	881	868	881	880	878	852	866	870	864	869
892	881	874	886	879	880	882	863	881	881	894	871	889	866	872	891	861	886	889	878	883	898	887	870	883	869	873	873	891	879	870	884	870	905	879	883	892	893	884	865	885	884	874	860	890	886	870	873	872	869	885	869	872	880	890	880	876	870	874	881	868	886	891	875	880	890	869	899	869	888	885	872	879	886	874	886	896	895	895	891	897	886	881	875	885	884	885	882	897	872	888	886	881	882	892	892	889	886	881	866	894	868	889	890	873	885	884	890	877	884	882	890	901	884	874	877	873	882	884	897	890	872	883	870	852	875	890	875	865	884	883	887	879	872	882	893	895	879	874	883	882	875	891	887	877	883	879	879	875	892	893	889	883	889	880	900	886	881	884	886	888	895	874	870	875	894	873	879	883	877	867	872	885	869	876	859	858	888	884	886	871	879	870	880	879	865	875	887	904	875	882	875	871	880	875	865	867	869	884	887	888	891	876	880	867	864	875	868	868	871	878	867	866	884	855	869	879	873	876	881	870	879	878	868	876	895	887	879	868	880	879	871	873	880	878	865	875	872	868	877	878	881	872	876	868	885	876	874	868	860	864	860	871	884	870	876
892	877	873	879	897	884	888	902	871	878	864	882	877	867	883	888	865	884	879	865	884	898	896	889	892	892	875	874	884	864	892	873	881	890	876	880	874	878	865	892	880	883	891	886	874	878	877	875	881	889	879	892	885	890	878	889	890	890	887	877	890	889	881	869	884	893	894	878	876	898	876	883	883	874	883	894	889	887	883	879	881	888	867	869	883	872	902	891	880	893	866	899	873	884	866	889	895	870	892	899	902	881	881	884	891	899	880	876	892	895	875	900	882	888	883	865	902	883	884	883	862	887	887	886	885	877	885	885	871	888	884	888	892	891	882	884	880	884	885	875	886	886	874	880	891	875	889	885	888	895	885	878	874	884	903	864	865	871	884	905	886	880	877	868	894	897	874	890	890	889	860	865	879	869	870	866	870	881	874	891	871	871	878	875	887	877	889	887	865	867	860	872	877	876	869	890	864	862	872	860	855	874	865	874	878	863	855	876	865	887	871	869	872	866	881	867	878	868	879	880	881	863	894	869	870	862	855	877	866	865	869	879	892	875	888	874	863	856	867	870	891	857	874	871	873	891	866	875	877	872	875	881	875	878	862	873
870	894	880	894	876	871	879	866	883	892	879	883	891	875	882	875	881	883	885	877	899	882	885	876	874	883	869	872	886	885	879	880	882	879	872	875	882	879	881	882	889	899	887	896	883	872	867	873	878	881	874	887	896	869	888	891	883	890	898	880	893	895	869	901	882	890	875	888	876	881	889	893	880	890	878	872	880	888	901	857	886	880	892	874	866	879	866	892	889	881	889	873	878	874	874	884	888	879	857	881	886	886	873	886	898	895	893	888	871	885	873	880	894	895	892	876	876	877	885	866	902	882	890	876	911	859	867	873	892	885	907	883	886	880	884	889	887	873	876	862	894	877	888	880	867	885	866	894	880	873	868	889	881	876	896	876	904	876	884	866	894	858	880	862	873	885	873	878	889	898	886	872	897	874	875	879	870	874	887	863	871	881	877	861	865	871	864	878	884	868	883	868	871	878	872	875	888	885	883	890	859	870	894	873	889	869	875	865	882	860	872	883	870	875	876	862	871	855	877	858	879	881	869	866	867	873	864	888	877	895	868	864	862	870	881	860	872	883	863	860	876	870	875	863	880	882	885	871	889	868	863	868	879	866	866	877
897	878	880	870	882	866	893	888	849	873	865	880	878	894	894	890	878	893	875	885	893	879	878	885	882	868	879	889	884	873	872	879	874	878	884	896	881	879	875	884	890	876	875	887	888	867	886	893	885	888	895	877	886	888	888	893	884	869	876	880	892	886	874	880	900	890	875	883	874	870	873	889	885	875	881	896	886	880	879	878	870	891	870	869	865	887	893	895	880	884	879	886	869	872	892	881	887	882	874	886	892	867	877	883	875	884	861	878	879	901	880	878	871	869	878	892	885	883	880	877	872	890	885	894	884	888	879	890	881	898	872	871	901	886	873	882	863	896	907	886	867	875	884	869	879	881	877	894	878	889	878	866	885	885	892	869	873	872	890	878	882	878	876	875	869	865	875	874	875	866	892	875	879	871	887	884	861	855	887	859	880	880	885	887	877	878	860	862	867	888	877	858	889	871	874	884	875	868	857	871	872	873	892	880	869	864	894	884	888	876	878	867	860	878	870	893	883	850	871	869	870	883	871	851	876	871	879	879	889	874	863	857	893	868	883	871	866	870	874	875	885	869	859	863	857	882	860	879	883	860	873	870	851	863	864	868
892	879	868	867	863	892	881	878	885	865	870	886	873	884	866	875	883	870	894	881	877	883	883	879	880	884	891	879	885	890	878	883	891	892	879	873	883	877	900	867	886	881	880	886	853	885	876	892	871	884	886	902	894	877	874	881	887	897	896	885	894	895	876	870	884	887	875	882	877	878	885	891	885	870	877	888	887	868	889	868	886	877	876	896	890	883	876	892	890	873	869	874	884	877	884	884	877	890	886	874	898	880	877	887	879	901	872	884	871	881	878	882	886	899	898	887	885	879	891	889	861	884	883	881	876	890	888	879	876	876	885	870	885	882	860	882	903	878	885	894	883	879	885	868	889	895	891	898	890	872	885	867	877	881	886	872	861	880	878	885	876	874	874	873	880	896	873	889	868	876	878	896	880	882	886	879	870	890	887	873	897	879	879	879	872	870	877	857	871	850	875	874	864	883	867	879	861	880	867	875	863	872	884	883	873	873	892	870	893	858	862	868	877	870	877	871	874	868	865	880	863	885	872	872	864	879	878	874	856	872	859	881	871	874	880	887	890	893	875	858	865	865	868	863	895	880	878	864	865	881	860	857	866	882	880	866
871	877	890	876	869	857	882	887	880	870	866	889	885	892	861	875	886	858	872	878	857	875	881	894	895	880	879	888	873	885	874	879	886	878	892	881	875	869	889	880	888	895	896	872	876	884	875	882	886	892	890	889	881	865	880	887	876	892	870	894	879	888	886	869	891	895	880	887	880	885	885	880	875	892	882	896	886	881	882	875	882	881	896	885	883	873	884	882	878	867	880	878	901	879	893	874	877	884	877	896	901	890	884	884	884	892	877	898	878	870	880	884	881	875	877	892	860	868	873	886	884	874	874	888	887	874	905	875	886	877	885	876	881	881	880	896	870	890	884	874	898	881	875	880	895	871	894	875	898	895	875	863	861	877	871	875	871	882	884	873	891	887	887	886	890	881	881	883	881	871	882	882	871	878	861	869	883	869	869	874	876	881	870	860	873	874	878	869	872	882	871	869	878	888	875	871	872	873	878	879	875	874	890	879	883	863	871	871	889	867	885	887	885	874	883	868	877	866	875	869	866	856	861	863	870	855	870	866	859	863	865	879	881	869	877	864	867	878	884	874	872	875	871	880	871	866	869	893	850	875	867	866	884	887	865	891
886	893	868	887	877	875	866	876	877	874	883	893	884	888	879	883	880	882	894	877	873	878	885	869	884	882	883	892	878	890	881	875	884	875	873	868	885	872	895	870	870	862	896	883	899	887	877	888	881	867	887	882	878	882	893	897	897	871	873	894	876	888	869	882	885	878	882	884	893	884	889	885	876	880	878	862	880	884	884	889	887	864	876	878	892	877	882	872	875	890	884	889	890	867	875	886	880	889	891	909	889	898	884	891	894	886	891	878	883	895	869	887	867	885	891	872	885	879	880	901	898	878	907	886	894	893	887	881	883	891	886	887	900	875	875	879	867	880	879	883	883	891	878	869	877	895	879	889	878	876	869	879	872	883	876	874	879	888	879	884	883	883	876	895	874	889	885	882	889	879	878	872	887	862	879	881	896	885	879	883	870	880	884	887	871	863	870	870	885	887	887	877	875	878	863	851	876	885	877	857	873	876	860	892	876	862	880	888	878	862	873	862	878	863	875	874	861	867	865	873	877	878	871	882	878	866	875	873	895	879	871	869	854	867	863	865	870	863	857	867	860	883	865	872	857	876	847	862	870	868	870	867	873	885	874	867
869	876	899	884	872	892	892	893	870	894	874	874	884	887	877	875	875	870	871	884	885	871	909	879	884	890	891	892	875	882	877	881	892	867	881	894	892	864	879	896	883	892	888	883	874	885	872	896	891	867	878	894	890	901	893	893	891	889	880	878	870	883	872	872	867	887	901	886	876	881	881	888	873	854	902	892	888	876	893	891	898	886	860	884	893	869	879	884	878	890	904	883	876	887	875	884	893	878	897	869	886	884	873	888	884	861	880	898	884	874	900	890	875	882	881	896	887	875	897	886	882	887	879	882	887	901	879	907	883	893	878	869	889	897	906	881	880	884	874	881	862	882	890	873	882	891	871	881	890	871	889	877	886	865	855	872	888	891	886	889	896	874	881	855	868	876	859	882	857	888	890	859	895	880	878	887	897	877	882	867	893	878	876	871	883	880	873	890	863	877	850	872	871	877	880	873	886	863	874	872	870	877	883	871	892	865	866	871	885	874	872	875	863	876	881	892	863	881	884	860	864	861	854	868	868	866	862	865	870	860	859	855	868	885	878	859	861	880	864	867	891	876	866	870	873	863	870	879	865	854	883	865	897	862	855	869
884	866	877	900	874	874	897	880	884	883	881	872	894	872	877	884	888	869	880	874	878	882	884	884	871	887	879	876	878	873	873	881	878	875	882	890	898	861	879	883	883	877	860	873	881	893	870	888	872	860	890	877	890	868	872	857	872	891	874	884	882	870	877	881	884	877	883	882	876	886	910	881	893	890	889	869	878	872	891	888	864	891	870	891	894	888	897	879	881	897	874	890	899	874	880	875	871	883	883	874	889	873	887	887	901	868	882	877	885	886	870	871	886	868	893	875	877	883	882	892	875	898	901	889	898	889	875	872	886	879	894	875	884	893	883	893	881	886	882	873	870	870	871	883	890	893	883	875	889	877	896	879	873	878	880	876	875	882	875	894	880	875	891	855	897	870	887	849	879	862	879	865	872	873	891	877	872	882	874	881	892	870	877	875	878	880	877	890	875	879	874	874	873	865	885	869	873	870	866	870	884	870	873	867	879	856	867	882	873	875	880	877	875	878	881	880	856	871	887	864	872	876	865	863	856	880	870	870	891	874	870	875	861	871	871	857	871	872	873	865	872	867	864	880	866	884	879	862	862	865	880	871	867	867	864	858
867	874	877	900	892	871	855	864	880	888	883	885	882	880	882	877	884	865	860	877	884	878	874	872	886	876	865	889	880	879	884	888	872	878	873	876	876	896	875	868	874	894	878	873	872	879	879	881	882	876	883	869	890	887	888	885	874	871	885	890	884	883	885	890	873	884	873	874	877	878	878	876	905	884	877	879	882	860	870	880	887	867	884	869	872	893	861	882	888	876	882	880	871	886	888	889	882	877	885	866	866	885	884	882	879	881	908	878	879	885	882	894	883	879	868	899	871	877	903	886	883	883	872	879	869	887	889	882	877	874	893	882	859	882	885	874	861	875	871	890	871	886	901	875	901	887	869	880	873	892	885	884	888	876	882	892	876	886	892	881	874	856	883	882	880	871	876	865	889	866	881	894	890	874	887	866	869	887	871	875	875	878	867	863	873	875	871	863	869	878	885	865	891	868	875	864	866	887	888	879	874	873	883	850	899	883	864	879	879	869	873	858	869	875	866	866	869	864	877	875	863	870	870	858	863	879	857	867	873	859	855	870	869	862	875	861	867	872	861	861	868	873	864	884	854	866	874	878	864	867	885	869	855	864	861	878
886	889	886	890	876	861	894	883	881	868	866	875	879	876	876	883	885	887	884	886	875	860	881	882	881	875	882	860	875	880	887	869	894	889	880	885	880	887	870	868	888	884	879	879	872	878	882	889	887	878	887	881	880	877	885	873	870	884	866	864	868	891	860	893	864	892	883	878	858	882	878	875	885	901	881	877	887	870	872	898	896	885	887	886	883	874	896	891	881	881	885	894	895	894	892	872	889	883	889	888	878	890	881	870	882	873	869	874	869	891	888	902	897	888	877	888	889	872	872	888	882	874	894	876	882	871	867	879	892	879	887	877	873	888	881	887	896	886	882	878	867	866	869	885	897	877	883	878	872	886	900	883	875	870	881	884	887	881	883	872	878	881	878	899	868	877	868	867	869	892	878	870	893	884	870	873	869	884	854	867	876	844	864	877	881	886	870	880	884	860	855	883	862	884	870	881	855	879	870	885	872	873	867	869	888	882	878	877	888	890	877	885	872	868	861	872	874	876	864	858	868	877	876	860	877	854	886	874	868	870	873	871	879	854	857	866	863	871	869	878	855	871	847	870	865	879	891	877	873	876	865	883	876	884	866	856
876	886	884	883	887	874	865	866	881	873	873	872	875	892	874	886	874	881	880	893	885	869	866	870	880	880	886	865	881	886	872	875	872	874	877	878	877	878	893	868	881	884	891	870	876	884	882	889	887	882	882	875	886	881	873	861	885	885	900	884	892	870	884	882	856	880	879	872	887	870	872	875	892	891	883	888	889	880	891	867	878	890	902	881	879	873	873	883	902	879	880	878	867	887	881	892	879	883	889	884	880	897	885	882	882	896	886	892	891	899	888	889	880	875	887	884	884	876	879	913	894	880	896	875	874	869	892	886	879	877	884	890	891	881	892	888	885	911	868	868	888	874	885	888	878	886	873	890	896	883	877	886	905	898	877	882	861	868	899	876	879	878	896	877	874	883	871	892	870	871	885	877	896	877	873	904	872	896	884	878	874	878	872	870	875	869	887	880	889	877	886	867	882	864	888	867	879	867	866	870	859	877	881	869	881	875	858	882	870	872	871	861	881	873	884	869	872	862	872	868	866	878	879	856	872	861	867	865	876	868	874	857	858	848	866	865	882	863	882	877	866	871	871	865	868	865	877	869	876	870	878	876	868	866	853	877
870	864	870	900	889	871	878	871	886	882	873	873	875	865	887	878	894	875	888	883	883	881	877	874	883	893	874	882	893	889	858	859	873	880	886	907	881	878	884	891	889	882	879	882	881	874	893	879	883	890	875	900	879	893	879	865	886	881	886	887	880	869	876	877	887	872	872	874	884	885	882	880	887	892	886	885	892	913	888	889	864	886	894	880	884	894	873	891	866	898	871	894	863	867	873	881	877	857	891	876	882	882	870	881	884	875	881	879	878	880	875	892	875	871	886	883	872	893	881	895	881	870	880	870	893	880	873	878	875	896	862	870	883	889	884	887	881	879	876	896	877	888	875	868	888	872	872	883	880	884	872	866	879	878	876	888	873	859	891	884	860	890	885	879	860	870	875	884	871	884	871	879	880	885	864	885	893	864	868	880	892	890	852	878	878	876	877	872	883	855	870	876	860	867	887	881	880	874	879	887	886	878	875	885	879	881	871	875	856	897	880	869	857	876	876	886	876	870	876	878	857	868	867	862	879	876	862	869	865	887	870	881	872	878	871	867	866	872	887	877	873	873	856	883	858	880	872	876	859	873	862	866	864	871	880	879
883	900	876	881	872	881	880	884	880	880	876	882	878	886	884	876	885	887	869	896	874	870	865	888	866	869	871	886	886	883	878	887	875	889	873	889	877	873	884	884	878	882	870	876	878	885	883	875	880	883	892	875	879	878	895	876	881	881	867	871	874	898	888	897	881	861	875	864	876	870	886	883	876	872	875	873	867	888	880	877	876	865	888	886	900	876	888	870	869	898	882	882	861	892	897	881	883	878	872	888	890	881	871	870	894	905	886	887	873	901	886	881	875	884	876	897	876	883	880	884	874	896	887	870	872	883	884	905	891	870	883	872	878	875	865	905	886	885	875	884	886	895	886	903	872	887	867	883	881	878	863	881	889	888	891	871	878	868	882	867	893	869	888	895	877	866	880	878	891	884	885	882	887	899	868	880	877	865	881	888	890	874	870	872	892	877	879	885	884	876	878	883	880	894	856	861	893	868	885	878	882	882	876	884	893	869	885	868	880	874	854	876	876	876	879	871	872	870	872	871	863	860	873	868	869	873	884	854	894	866	882	876	885	875	877	873	876	872	851	874	872	856	874	863	857	864	850	875	867	872	884	865	875	865	884	874
882	881	876	881	885	873	888	892	886	884	882	876	880	865	868	883	870	886	884	878	893	875	885	888	865	880	867	882	890	898	900	899	889	881	895	868	887	888	876	869	872	875	896	892	884	902	885	874	880	892	881	894	885	890	872	874	875	882	873	880	891	901	875	880	878	883	892	893	870	889	873	882	876	873	894	888	881	876	886	881	892	904	890	875	892	868	884	871	895	876	874	890	887	883	886	879	879	887	887	877	889	895	859	901	880	868	883	897	888	896	876	875	898	890	884	894	915	863	879	894	895	881	893	879	873	875	892	872	905	882	895	888	878	884	893	873	908	895	886	864	886	882	879	877	880	895	899	889	876	886	881	885	868	874	863	868	874	864	891	877	860	867	878	863	868	888	881	871	877	878	876	858	879	858	861	880	889	867	883	876	868	884	863	883	876	864	880	877	881	876	882	864	872	892	866	881	884	860	872	869	876	866	868	852	884	872	867	884	880	874	890	859	860	866	867	849	869	870	875	861	882	858	879	877	866	871	853	871	876	875	863	850	849	868	885	867	867	886	848	866	861	859	891	874	869	872	871	879	879	858	872	877	863	873	869	872
867	877	873	889	871	863	864	890	886	877	871	882	885	887	882	881	881	890	893	893	854	878	875	908	872	881	869	881	882	882	886	874	878	891	879	887	871	875	885	879	887	879	903	872	893	885	893	881	886	874	872	876	868	879	879	882	878	894	891	867	885	887	851	893	883	868	877	885	890	883	896	884	870	881	893	872	852	873	886	874	878	898	872	891	887	871	871	872	867	865	889	885	882	889	882	894	882	881	902	887	873	889	876	891	897	886	882	876	895	892	863	885	898	901	896	875	868	883	876	896	895	862	887	880	872	873	867	897	882	886	870	885	880	893	861	869	878	874	878	916	868	883	899	889	884	888	877	877	880	878	868	874	896	884	869	868	867	886	864	864	876	877	881	890	876	878	864	876	879	882	871	864	866	865	889	871	872	871	896	888	879	868	861	878	878	873	882	868	869	879	890	865	864	872	871	873	874	866	874	869	872	863	891	859	882	866	869	867	851	881	859	882	873	891	876	881	873	862	869	858	876	872	873	882	865	880	846	866	877	854	858	859	871	870	863	863	865	875	853	881	871	868	865	866	864	861	874	874	867	876	870	879	871	877	894	875
886	868	862	876	882	875	880	893	888	903	887	870	872	886	865	887	851	884	877	888	879	879	876	890	892	869	869	890	871	880	880	888	885	865	880	870	868	868	870	878	889	900	880	873	891	862	888	878	876	881	889	878	869	864	870	866	883	892	890	879	875	885	870	877	893	879	868	889	862	882	893	894	888	873	895	874	895	892	888	873	879	887	880	860	878	881	875	886	882	895	890	877	883	879	889	891	878	877	885	884	893	877	888	872	878	888	866	886	900	875	880	895	875	888	919	894	895	887	902	875	885	885	871	883	883	874	888	883	885	879	879	886	881	888	875	895	879	866	884	895	883	899	881	876	859	881	865	886	884	863	888	868	875	876	869	868	878	881	884	878	868	911	886	892	893	888	875	879	878	886	886	873	873	871	875	879	878	880	877	879	863	883	870	856	879	879	885	873	856	881	885	854	870	876	860	870	881	869	898	876	877	866	868	877	886	876	871	870	870	885	868	879	887	865	856	874	869	875	862	866	879	866	863	867	867	875	883	871	873	879	869	865	869	870	881	866	864	858	851	872	879	860	871	863	882	859	878	871	859	883	877	859	881	879	857	860
884	883	897	896	865	888	859	868	880	892	886	879	890	892	904	875	875	865	892	890	875	859	872	876	881	883	881	874	876	894	879	900	881	884	861	861	880	878	868	886	868	882	877	880	877	868	881	872	870	872	868	868	870	871	868	880	874	875	875	868	890	881	885	881	888	887	872	882	874	854	869	874	891	869	881	880	871	893	882	872	892	869	882	881	878	872	886	861	886	881	890	881	884	887	874	883	892	876	869	859	897	892	874	888	865	890	892	881	892	876	893	880	872	876	886	890	880	872	888	885	893	856	886	890	902	878	870	867	883	851	881	867	879	887	879	878	885	869	883	889	889	870	878	891	868	880	857	883	887	870	886	886	885	875	883	885	871	886	885	877	882	855	871	882	876	881	885	889	861	888	876	864	878	874	876	878	874	875	871	870	879	865	879	873	873	879	872	861	860	870	871	878	858	862	885	877	871	867	871	880	854	875	867	885	878	861	883	875	878	879	852	857	873	873	871	882	880	880	862	877	869	876	874	875	888	868	862	877	861	870	892	867	852	860	869	862	861	880	886	864	867	870	866	865	868	857	875	873	862	866	858	875	870	857	869	867
886	883	872	870	872	869	875	872	865	882	886	885	876	880	901	881	878	874	878	888	882	873	877	861	886	883	880	870	866	887	879	882	877	875	881	865	871	878	881	892	876	901	883	884	886	892	868	881	890	879	890	896	882	891	905	879	884	887	875	900	875	868	865	875	884	887	884	872	895	888	877	896	880	865	894	878	898	886	872	877	895	887	891	876	894	871	871	881	872	871	879	879	886	880	891	883	881	889	876	879	881	860	874	896	893	892	882	879	884	872	892	871	881	912	898	892	887	882	886	893	872	893	875	887	890	878	874	889	881	897	879	881	888	916	894	887	870	878	884	891	889	909	889	884	881	888	884	878	874	888	884	872	869	895	882	888	872	864	889	871	876	870	860	882	897	874	871	870	875	888	877	863	877	865	882	864	877	870	868	877	874	860	879	872	888	881	880	877	874	872	862	888	864	871	890	879	878	878	891	875	863	883	871	879	873	869	891	869	863	870	876	859	860	865	847	874	865	884	866	879	875	866	870	867	863	875	869	889	871	875	877	858	878	867	897	854	875	873	859	884	867	873	860	875	874	859	862	862	873	869	871	869	867	874	862	861
878	879	872	887	880	869	867	886	899	882	882	893	875	875	881	875	876	885	877	868	877	880	880	898	882	882	880	882	891	865	881	870	879	873	886	882	875	879	892	883	873	895	871	882	875	888	873	869	893	879	890	878	880	874	865	883	863	890	873	874	889	855	877	856	883	860	883	872	892	885	862	881	880	876	884	899	868	872	878	880	897	886	896	873	888	870	855	878	868	868	891	865	889	862	890	877	878	872	875	863	890	883	898	891	871	887	877	885	897	885	881	880	870	878	874	886	876	879	871	885	881	882	873	887	870	890	899	874	865	861	869	883	859	878	880	892	873	895	885	890	878	890	869	870	871	905	863	880	875	899	900	893	888	885	885	872	884	868	868	876	866	884	866	872	852	883	894	879	858	892	865	879	871	885	872	890	879	879	874	854	859	859	853	867	881	877	879	878	877	864	870	885	873	866	876	883	864	874	873	884	891	858	867	878	884	871	869	875	875	864	887	888	879	891	882	871	874	873	865	869	885	863	878	848	864	854	873	867	880	872	855	862	867	860	876	883	865	887	882	860	857	860	875	877	876	866	864	867	870	868	861	854	871	865	864	880
896	893	877	875	895	882	870	882	889	885	887	881	885	880	890	879	880	882	880	883	881	878	885	884	877	868	877	868	886	882	876	884	882	887	879	888	888	873	879	871	884	900	900	885	885	874	892	874	882	886	881	852	887	877	891	880	892	901	864	873	868	868	878	868	872	870	870	869	878	884	891	893	872	877	874	883	884	868	874	889	887	878	882	875	892	887	867	891	889	874	867	881	885	876	895	885	884	884	882	893	878	886	880	891	872	895	873	874	883	888	893	878	891	875	880	900	885	895	891	884	884	874	885	879	866	878	885	892	877	889	883	882	880	878	884	893	873	880	877	880	880	890	884	894	882	880	891	888	873	881	876	891	876	880	886	886	897	882	872	879	875	870	887	864	883	873	887	863	866	873	870	877	883	881	878	867	890	889	882	875	893	873	890	873	863	880	870	881	872	883	884	885	866	856	857	876	872	875	876	876	866	878	871	880	878	879	873	865	872	889	863	870	866	870	854	871	879	877	875	881	871	843	858	881	880	885	871	879	878	864	872	863	869	877	872	874	875	866	854	860	863	865	865	883	860	893	864	860	865	860	872	872	868	870	862	870
867	881	860	905	883	891	870	880	894	889	897	867	880	893	886	876	881	880	886	867	890	866	876	885	885	885	893	896	884	868	898	880	890	894	894	891	882	871	867	889	877	865	881	879	896	880	896	882	883	882	882	890	889	867	877	871	893	882	879	874	895	892	877	889	883	877	878	862	876	869	892	901	875	894	872	886	900	881	877	888	891	896	882	888	888	885	872	871	884	870	890	860	889	898	881	877	870	874	881	890	888	879	881	878	881	876	875	880	887	888	890	893	878	895	868	887	870	895	891	876	891	863	889	885	880	893	877	882	870	878	904	876	877	877	877	878	874	890	886	876	879	873	879	875	902	881	880	891	895	885	892	892	897	889	868	882	886	876	876	864	871	869	866	892	880	887	880	881	880	878	885	882	884	868	871	878	871	888	896	879	877	865	864	874	869	876	874	894	855	886	876	865	875	861	873	870	866	881	876	880	893	871	882	862	856	864	871	887	887	884	848	871	865	869	886	890	867	866	868	867	869	869	871	884	861	888	884	865	878	864	864	868	852	863	874	862	866	868	869	867	869	855	876	862	867	870	879	884	871	867	865	875	862	865	871	872
894	886	879	884	883	877	883	875	892	885	880	875	881	874	868	896	879	874	897	864	886	877	879	884	870	861	894	885	880	875	882	873	892	884	887	861	876	906	874	897	870	884	891	891	888	877	876	877	869	888	878	898	884	882	872	885	897	878	887	874	884	874	879	877	889	878	879	869	868	890	891	871	872	884	887	899	877	898	880	873	889	868	893	898	874	886	876	894	889	899	877	894	893	888	873	872	867	872	894	886	880	883	872	883	879	884	881	876	877	875	872	892	872	880	869	890	868	886	884	878	881	874	871	854	885	880	899	879	877	876	866	889	879	882	872	891	866	889	879	880	881	889	880	885	878	872	892	876	882	897	870	888	874	875	872	891	874	875	879	866	871	869	871	885	875	871	892	875	866	885	881	894	873	889	880	878	875	874	870	856	883	875	863	865	874	873	877	867	858	879	886	878	869	879	867	871	877	880	873	881	863	888	886	890	884	861	858	865	883	886	872	869	874	875	873	874	870	877	857	864	873	871	884	886	876	874	851	868	871	870	881	875	874	873	895	852	863	859	870	867	872	865	867	893	875	880	872	877	866	871	874	854	882	871	875	875
881	865	878	887	890	884	864	891	873	887	868	882	873	878	887	888	881	870	881	869	886	876	879	880	880	873	872	877	904	886	870	864	888	868	881	893	882	874	888	898	878	879	887	878	877	877	879	865	859	886	882	897	888	895	881	865	874	866	877	876	886	875	875	880	886	891	869	889	874	867	889	882	876	889	861	870	891	874	874	884	887	877	863	893	888	889	858	879	878	888	890	889	883	875	876	891	876	885	857	876	879	872	882	864	888	881	874	889	884	888	896	885	894	880	880	874	894	879	892	886	889	891	901	878	885	884	891	888	885	882	886	893	894	866	877	859	866	907	889	876	893	891	897	884	872	872	881	886	870	886	898	882	873	879	883	887	875	886	891	885	853	869	865	877	862	874	856	866	878	885	877	868	871	867	868	858	870	869	863	866	883	869	872	881	871	871	864	864	862	887	855	894	872	869	865	861	871	866	882	858	866	879	1033	869	877	857	881	872	862	872	870	872	868	863	868	869	880	878	865	880	868	882	859	858	884	868	869	875	863	882	860	866	877	873	887	858	875	874	860	877	875	863	865	884	852	861	877	876	864	864	872	868	872	874	868	878
890	873	891	881	889	883	878	883	878	872	895	891	889	877	862	893	875	884	882	877	888	871	874	877	878	896	871	891	896	881	878	889	875	902	862	877	890	871	877	865	884	889	879	886	888	874	878	881	881	882	891	881	870	882	889	867	876	885	867	890	879	896	872	871	873	877	878	878	875	882	876	875	877	887	871	862	887	870	881	903	891	889	877	888	869	903	878	878	858	876	869	883	869	871	884	864	867	876	895	886	872	867	882	875	889	880	863	893	877	884	874	909	880	878	882	877	904	874	895	891	868	886	887	887	883	888	889	869	863	879	878	892	884	895	867	879	868	874	897	879	885	872	889	874	867	876	874	872	881	877	876	877	880	876	884	886	876	896	872	890	877	872	884	874	877	876	876	886	883	876	886	896	863	863	874	887	878	889	883	859	869	897	890	871	873	872	874	875	881	868	872	879	855	864	868	862	861	879	894	872	887	854	863	861	886	869	859	889	854	865	874	865	884	865	860	875	864	874	878	880	887	878	875	863	872	865	875	865	861	868	860	869	876	868	870	864	862	872	886	877	878	871	862	859	852	871	865	861	887	870	871	860	862	883	863	871
864	873	899	882	872	884	888	869	877	888	890	870	882	888	890	889	899	859	884	885	874	865	881	890	884	873	870	880	881	890	862	859	880	880	893	885	903	880	896	878	862	877	882	882	871	887	886	875	883	887	891	891	885	861	865	881	865	886	896	898	870	870	873	882	883	879	881	882	875	879	895	874	871	883	877	873	865	871	879	880	874	876	891	877	868	875	874	885	896	878	867	873	878	886	879	875	860	881	881	889	877	862	878	872	872	868	891	871	884	886	884	895	885	882	891	890	877	886	893	877	869	874	895	872	896	874	897	889	876	856	887	890	880	872	876	877	883	888	876	878	872	863	892	880	869	890	885	886	894	874	893	886	865	877	895	864	869	886	876	883	874	882	879	880	877	875	869	861	874	884	887	860	884	883	876	883	850	878	875	858	875	881	859	865	863	873	864	855	866	883	854	874	877	873	871	879	887	860	866	869	871	863	870	869	878	885	873	865	886	863	852	864	874	875	877	860	878	877	857	872	882	869	856	866	888	861	850	892	871	860	884	861	866	877	858	876	878	861	870	875	862	869	868	883	859	875	862	870	851	875	869	865	859	881	873	862
874	872	889	870	870	887	884	882	883	887	879	870	875	889	883	881	897	889	884	895	874	882	878	882	875	871	901	881	885	883	899	872	882	886	883	893	886	889	879	873	878	869	880	865	878	883	870	894	876	865	873	881	885	878	886	890	868	884	871	877	897	904	868	889	866	876	892	876	888	895	872	876	864	894	891	884	880	868	885	861	882	882	874	888	882	887	861	887	882	881	887	876	879	899	876	893	892	867	869	880	882	866	889	884	896	869	883	886	882	890	870	883	875	881	881	891	887	893	880	876	891	887	890	908	890	873	877	867	880	857	868	862	875	878	882	876	885	891	877	891	884	888	893	876	873	880	886	892	874	874	890	879	880	885	893	881	875	868	888	874	862	873	880	878	865	883	882	874	885	866	885	867	893	870	873	868	869	870	877	862	862	870	877	870	873	863	871	868	879	868	877	879	876	897	872	868	869	874	876	860	874	884	851	872	876	867	864	869	874	874	887	860	874	867	871	867	876	863	867	885	867	874	863	875	868	889	859	879	851	858	878	885	873	869	871	863	880	878	876	875	859	862	879	878	877	879	861	873	871	860	857	882	882	869	868	868
880	871	872	875	883	884	883	876	887	867	892	875	870	887	887	888	897	881	883	887	892	882	882	863	873	888	879	891	895	872	884	883	875	875	862	888	879	881	881	881	888	881	870	890	870	876	884	881	887	869	872	884	880	863	880	880	870	876	867	880	878	873	878	887	868	893	892	885	889	892	868	890	886	888	878	868	875	891	890	867	896	865	897	897	877	866	878	892	872	890	895	879	886	872	865	875	871	889	884	870	873	879	868	892	857	894	875	888	884	882	873	879	884	884	863	888	893	890	872	879	876	874	887	904	897	886	865	889	884	874	885	882	870	896	877	894	887	871	890	870	887	885	889	861	871	887	884	878	886	883	885	888	879	889	875	890	880	871	872	869	887	882	883	884	872	881	889	869	882	882	874	872	868	881	875	883	872	866	874	875	893	878	879	873	865	868	877	877	874	866	888	876	864	865	881	880	880	880	894	882	878	880	896	867	863	875	880	868	875	891	869	860	854	861	861	870	878	863	890	874	877	873	865	893	853	874	868	868	876	856	875	880	878	860	890	863	870	871	860	877	863	867	869	856	864	871	863	868	874	874	881	883	880	867	877	868
880	896	892	877	875	878	878	874	878	895	877	885	889	873	887	882	872	876	882	885	873	888	874	877	892	870	872	849	892	874	875	870	888	868	881	871	885	884	874	884	879	874	870	889	876	871	895	871	878	894	877	877	893	873	877	876	880	872	890	882	882	866	860	871	873	885	881	870	873	872	890	894	869	872	876	875	875	874	886	874	881	873	877	875	873	886	876	898	885	884	871	858	879	888	866	869	885	873	888	869	878	870	876	880	880	877	883	880	876	884	892	887	878	880	888	876	871	885	870	872	890	887	900	893	886	893	869	890	892	883	886	880	875	888	889	891	888	897	888	866	881	888	892	902	891	888	874	874	891	879	882	881	867	871	871	885	874	875	875	883	868	877	883	867	885	872	884	871	871	878	900	898	879	869	867	882	869	881	870	875	877	878	880	877	859	876	867	888	860	885	892	873	868	878	870	854	870	866	883	869	875	881	875	863	900	851	890	871	857	868	871	865	875	874	866	873	860	885	871	867	870	876	870	861	889	871	862	863	878	864	869	865	867	879	868	858	876	857	881	876	857	884	848	864	870	868	862	882	856	869	866	885	873	876	848	877
900	885	879	887	887	876	882	873	867	869	866	891	864	879	878	887	877	874	875	873	889	866	869	877	878	876	881	884	894	885	900	892	876	879	886	862	874	876	881	883	891	867	892	890	859	887	871	886	895	889	861	879	895	889	878	872	861	877	882	889	888	874	876	897	872	882	895	892	874	886	875	869	888	879	873	879	878	888	887	888	885	879	890	895	882	894	885	885	877	887	887	890	876	892	881	871	883	876	878	882	887	877	886	883	893	889	870	871	885	876	876	881	897	864	868	884	888	888	872	886	882	898	872	884	875	887	887	868	878	889	887	885	864	899	886	875	874	882	883	875	891	885	909	889	893	881	866	872	880	860	886	897	884	872	866	871	868	880	870	891	867	882	874	897	869	877	879	875	864	870	882	893	861	874	863	877	884	868	883	885	870	876	868	863	874	877	860	880	873	869	866	874	854	886	860	867	873	875	881	868	869	874	873	880	882	878	881	878	880	857	891	874	873	868	884	851	897	886	868	860	869	894	881	864	866	866	867	868	870	867	877	879	866	873	867	872	873	881	870	873	856	870	876	877	870	874	867	868	868	861	863	863	858	870	866	863
886	857	881	885	863	901	890	876	896	867	878	881	874	884	861	873	892	881	888	868	872	882	878	880	872	880	865	895	876	892	886	874	857	886	886	897	875	868	883	887	902	887	886	865	873	879	881	881	878	876	879	874	870	869	870	887	887	875	878	873	881	871	893	871	886	892	885	898	891	863	886	866	901	883	877	885	879	882	869	882	882	869	873	890	879	877	878	878	885	887	880	885	859	866	881	890	880	867	867	888	871	874	883	871	876	887	881	883	887	870	907	874	877	863	855	889	871	874	877	869	878	879	887	886	876	895	897	895	889	876	891	864	883	894	880	875	878	867	887	894	867	873	887	885	905	883	888	867	872	884	877	890	887	862	880	874	891	871	887	884	887	883	883	885	886	865	867	879	886	869	880	883	869	877	872	876	869	870	870	868	878	880	879	879	848	869	898	889	869	862	876	877	876	854	867	874	876	874	887	869	873	870	871	861	864	850	867	849	866	882	879	879	886	867	877	873	873	885	873	882	874	874	868	858	881	895	865	874	869	862	867	870	861	842	867	863	869	876	869	879	863	864	876	868	869	871	856	864	868	856	881	868	882	868	872	894
877	879	883	881	880	866	869	883	862	872	881	880	887	891	884	890	876	867	899	880	875	868	877	883	904	875	884	882	875	872	879	886	885	877	880	869	899	890	868	868	874	879	887	876	882	895	883	865	880	885	875	899	874	886	886	877	881	891	889	873	902	876	883	872	884	873	878	867	876	868	856	857	885	896	896	874	878	880	884	882	883	875	866	874	873	877	883	885	885	876	882	877	892	874	882	875	878	880	877	891	865	883	892	876	879	882	881	864	882	887	895	880	892	875	895	875	880	888	887	877	877	890	878	873	872	866	891	865	890	896	887	885	872	877	864	883	872	880	884	888	883	886	886	890	876	879	877	879	889	870	871	888	897	864	871	869	874	892	906	891	884	863	872	881	901	874	881	870	868	880	885	872	883	870	876	884	888	871	877	880	880	858	867	866	880	874	865	881	859	852	869	894	868	875	876	876	875	880	877	872	870	891	872	880	896	869	861	882	868	866	866	858	879	866	879	869	873	855	871	863	886	884	873	873	859	881	868	878	886	857	878	852	871	865	882	855	878	861	888	859	877	861	870	884	873	872	864	887	878	878	860	878	863	865	869	860
872	869	872	897	882	882	868	882	886	877	873	866	869	877	876	876	879	892	864	876	896	873	870	888	878	898	888	877	874	871	883	886	896	879	875	871	889	874	877	883	863	888	895	870	877	875	884	871	867	864	883	872	873	891	868	871	862	888	869	866	885	877	874	862	895	862	878	891	889	885	895	895	871	876	886	879	863	885	870	883	881	879	882	891	883	892	873	883	875	871	880	876	887	881	865	896	874	879	880	876	862	895	879	866	870	881	883	881	889	875	880	881	884	888	879	870	890	884	896	885	891	905	886	892	892	879	902	873	886	892	883	887	942	887	868	895	893	893	881	884	881	852	872	874	872	876	882	878	877	874	882	889	885	874	873	883	868	866	885	874	873	878	871	890	891	884	883	891	879	889	882	875	883	855	860	871	859	881	881	892	877	861	872	872	870	884	882	876	866	875	856	865	854	891	869	878	864	855	875	890	869	852	871	875	883	870	868	883	889	853	869	850	875	876	862	872	859	895	880	881	866	857	877	864	866	869	860	858	852	879	860	866	857	868	865	870	871	860	864	866	883	873	866	850	863	861	868	859	879	871	874	860	857	885	865	867
862	873	881	887	877	883	878	888	871	874	887	865	888	887	895	881	882	882	881	889	880	879	883	880	884	886	875	881	878	870	883	863	884	885	877	871	893	886	886	862	895	860	857	881	877	875	876	866	892	874	879	882	865	870	877	885	881	860	887	876	886	884	890	881	888	881	882	865	874	884	880	861	882	861	888	890	868	883	872	866	877	874	873	876	873	876	883	892	876	866	872	881	870	884	889	882	870	887	870	884	889	877	865	877	900	886	868	886	888	866	883	882	883	886	883	875	895	887	881	901	895	877	893	880	870	895	890	900	866	889	893	893	894	893	898	890	882	891	894	879	897	889	887	887	899	872	864	889	889	881	890	888	870	880	884	883	880	883	876	866	867	882	881	884	871	901	869	872	888	869	886	870	888	870	884	885	871	874	871	872	876	877	883	877	864	892	886	879	878	848	882	883	877	881	870	875	869	858	862	881	873	876	869	861	868	874	870	864	860	872	877	865	858	870	862	872	862	865	875	883	866	867	860	869	867	867	883	872	872	879	857	861	850	866	857	876	876	857	871	868	872	870	876	863	864	872	875	856	869	872	860	883	870	886	866	864
890	885	876	891	876	877	884	878	873	888	878	868	885	868	866	883	894	862	878	895	877	893	869	885	879	886	870	890	872	873	895	895	879	874	894	885	881	869	889	883	890	890	876	872	873	895	885	884	880	874	869	888	874	880	861	890	898	877	872	888	883	893	880	868	868	885	860	888	874	874	876	884	866	883	895	886	870	875	869	875	861	877	881	870	879	880	882	870	887	875	868	885	875	877	887	892	872	879	878	887	880	894	869	875	869	884	889	874	887	870	872	898	865	877	891	882	889	900	886	875	873	888	872	899	889	880	880	870	881	876	884	892	881	878	876	874	902	888	867	876	863	885	882	873	884	877	894	875	864	872	898	879	861	874	858	873	883	884	899	875	870	877	864	877	869	865	862	880	884	880	866	865	878	880	886	867	862	875	890	881	877	879	885	877	888	872	891	878	876	866	870	877	885	886	861	869	876	870	877	878	874	864	877	870	879	879	872	866	865	877	887	866	871	858	848	871	871	867	881	888	871	873	863	878	876	875	872	873	897	874	861	890	882	872	877	862	889	859	870	860	881	868	879	871	868	870	866	859	873	870	857	865	871	860	879	866
866	876	885	875	866	873	882	894	891	871	882	877	885	883	867	867	872	894	887	889	889	886	891	885	866	862	897	883	886	883	865	874	879	877	877	870	881	889	876	890	871	866	880	894	881	875	871	878	891	882	891	893	885	903	871	867	856	878	883	871	889	872	873	893	873	882	872	856	874	864	883	890	870	873	856	871	897	897	864	874	867	872	868	876	885	875	878	884	870	878	883	867	884	879	885	861	885	882	867	878	872	892	881	887	877	888	890	876	877	882	878	871	888	882	893	895	893	878	889	888	885	900	881	880	880	900	858	866	870	874	874	887	893	873	885	883	889	884	884	904	885	894	888	878	886	878	879	882	889	869	893	879	883	882	872	868	869	881	871	886	880	878	882	885	863	876	875	865	870	879	868	873	864	873	865	876	876	872	864	870	864	884	882	894	879	878	866	869	865	877	873	867	882	872	888	862	871	891	870	886	867	877	867	871	895	873	872	875	883	865	868	872	883	877	888	862	884	863	864	876	867	890	855	872	878	859	877	877	864	883	869	882	860	880	881	874	871	882	874	880	853	875	867	877	872	864	863	859	870	868	880	873	875	881	868	866
875	869	877	861	883	871	880	866	880	905	879	884	883	884	892	863	878	877	878	880	895	871	870	877	880	873	881	877	878	882	880	874	902	895	885	876	883	875	897	878	878	885	877	878	885	873	872	896	875	866	880	880	886	887	867	880	888	885	871	881	886	870	866	883	876	871	891	871	889	874	873	861	867	888	879	880	888	877	880	865	884	874	876	902	880	862	881	886	855	872	889	878	893	887	894	870	889	888	875	865	879	870	878	881	866	885	877	877	888	873	894	882	884	894	878	873	867	868	881	901	886	883	900	878	888	877	887	864	879	892	882	883	884	877	894	879	879	866	886	885	875	861	889	873	878	883	872	886	878	887	881	884	893	887	871	880	882	880	869	875	878	881	874	904	883	885	884	873	882	883	866	880	872	873	877	869	868	874	862	868	862	862	877	871	870	857	889	868	883	873	880	864	884	877	896	884	874	866	882	868	884	891	887	879	870	866	867	867	885	873	873	883	887	868	874	874	883	875	876	861	853	869	873	878	884	876	862	870	875	870	872	865	877	869	873	846	870	862	896	866	865	881	861	854	863	860	874	878	863	877	868	863	857	873	864	874
880	876	880	880	868	872	874	902	894	870	892	881	875	883	875	894	864	895	879	891	879	878	891	891	883	883	875	895	873	881	889	879	893	880	890	884	893	886	880	883	870	888	879	886	887	875	890	887	875	883	893	885	873	881	875	870	878	862	882	887	879	881	879	875	867	871	892	899	895	867	883	890	901	861	873	875	885	872	876	894	871	890	854	880	887	879	889	863	860	883	875	876	879	882	881	889	868	885	895	878	876	880	888	877	867	884	878	870	894	891	880	881	875	899	895	890	878	897	857	887	881	889	882	904	881	890	888	875	888	878	869	894	877	892	891	872	885	874	878	877	884	866	879	891	878	890	883	891	875	869	877	893	881	869	864	874	874	866	882	874	873	879	881	887	881	876	871	886	883	882	878	889	869	877	875	859	898	880	872	881	887	883	880	882	876	881	869	866	859	876	864	882	875	877	876	872	873	865	864	876	868	860	884	860	878	862	864	862	884	873	869	874	885	878	868	862	849	868	867	878	871	878	882	875	883	875	881	881	855	863	865	866	840	865	855	876	885	872	876	863	866	860	856	894	871	871	870	858	865	877	895	873	871	866	864	879
874	875	882	877	878	885	895	881	876	885	888	883	888	884	888	878	897	874	898	868	893	872	877	891	860	908	866	888	873	868	882	885	870	876	878	875	876	881	878	893	887	874	880	885	882	885	899	882	882	879	886	873	873	879	881	889	888	882	891	860	890	886	889	883	870	873	859	886	877	879	884	895	879	896	885	894	871	887	900	868	885	879	875	878	874	870	879	887	883	867	875	879	885	889	879	883	889	874	872	881	889	896	893	888	880	884	878	878	906	886	870	883	887	875	889	877	903	897	887	898	892	891	900	871	887	886	907	890	865	885	885	883	883	874	882	886	893	885	879	879	893	898	902	903	881	892	879	881	879	866	880	881	876	881	881	904	882	886	888	896	894	881	875	870	874	881	884	889	871	879	876	870	870	869	897	862	871	883	868	872	891	873	883	874	876	887	868	877	881	884	869	868	882	882	882	878	876	863	857	869	865	872	875	870	884	898	882	867	873	854	881	891	879	874	869	884	857	871	873	858	880	882	873	870	869	876	879	870	879	872	868	871	865	881	866	868	881	864	860	869	878	864	880	860	876	877	880	854	870	872	872	880	877	879	886	894
878	858	875	861	873	881	893	881	878	874	884	886	874	883	891	882	893	897	885	881	889	880	886	894	886	892	856	877	879	875	876	884	886	887	887	892	878	879	885	873	900	879	875	866	880	888	877	877	889	880	888	892	878	880	862	884	888	877	882	863	866	872	872	889	869	877	876	872	884	878	870	870	874	882	881	871	881	877	871	872	873	876	868	865	856	876	874	870	870	890	886	865	881	893	879	903	876	886	880	887	895	882	891	864	891	891	895	891	896	897	881	883	875	888	900	892	897	881	878	898	892	872	878	885	863	888	874	883	884	895	888	897	897	872	877	894	876	888	894	890	897	880	894	889	883	874	900	869	876	879	871	882	880	882	881	887	871	884	875	866	867	881	882	881	875	883	868	879	878	893	857	872	869	893	872	890	872	864	870	886	879	878	860	873	867	869	873	894	870	863	862	854	877	889	863	875	871	864	866	867	863	865	868	875	881	857	870	870	879	874	876	865	875	875	881	888	862	865	877	884	862	879	868	864	864	863	863	854	862	872	881	859	885	873	878	864	875	868	866	895	870	873	868	885	863	889	872	888	864	873	862	888	864	890	882	859
867	877	881	877	879	877	894	872	884	859	892	877	886	898	883	882	868	867	861	893	871	890	891	876	904	885	881	887	880	872	866	874	883	866	906	893	889	879	877	891	876	862	859	864	869	872	881	893	870	872	882	878	886	873	884	883	879	889	876	882	863	877	880	872	875	891	864	880	878	883	881	878	880	871	881	884	877	870	869	882	880	894	885	886	881	860	853	860	887	872	894	880	882	887	892	873	876	887	881	880	894	880	889	888	884	877	888	898	896	894	884	878	873	884	885	898	883	884	904	884	891	895	870	886	886	885	871	879	887	889	874	893	877	889	872	871	884	856	888	882	877	896	880	880	885	894	886	888	882	890	865	881	894	865	883	872	894	873	862	879	860	885	878	883	889	870	878	877	873	882	863	875	870	864	875	875	877	873	868	889	881	886	882	872	874	864	883	863	862	863	876	875	881	889	871	876	903	862	870	877	872	883	891	865	880	866	859	881	864	870	873	875	872	866	857	882	871	870	877	886	877	869	873	874	869	870	868	858	869	874	869	874	859	872	893	844	877	869	870	868	872	866	864	851	872	884	875	868	869	872	860	881	872	876	854	866
864	887	884	881	863	866	869	888	880	875	869	888	882	888	883	870	878	887	882	867	881	879	855	863	869	886	895	869	875	876	889	889	886	887	870	874	872	867	873	879	887	882	881	890	883	893	881	878	875	887	890	868	879	905	893	885	872	871	872	878	896	876	871	872	885	878	870	879	884	898	881	873	883	896	887	872	886	877	874	873	878	877	876	871	862	875	874	878	865	881	877	879	885	866	882	882	865	876	877	889	869	864	876	896	890	890	884	896	882	891	897	896	900	897	879	872	882	884	880	893	888	879	878	878	882	890	889	897	899	885	875	900	890	893	880	883	872	875	892	904	879	876	875	884	888	893	882	899	892	880	886	879	877	892	880	889	899	890	862	868	880	879	879	867	864	864	895	877	881	872	882	881	866	872	882	869	876	867	864	869	876	876	869	862	872	876	876	880	867	866	878	852	880	867	885	893	868	876	871	862	870	870	860	867	859	881	875	858	877	871	876	877	869	876	865	866	866	874	876	870	869	881	877	862	861	878	866	858	871	866	859	867	869	851	877	867	871	868	853	876	873	863	868	870	864	880	871	884	843	864	870	899	874	883	884	863
862	880	880	892	868	885	874	886	878	884	868	891	891	877	878	868	883	873	884	887	870	891	880	894	883	869	891	866	877	889	888	881	889	878	888	874	878	888	873	884	879	883	880	888	868	863	871	882	874	890	891	873	889	863	883	897	874	880	883	875	880	877	868	889	883	872	884	880	876	869	874	870	870	872	876	883	873	875	866	880	881	874	895	881	888	866	901	859	898	868	879	870	877	869	876	897	881	882	878	884	890	878	893	883	884	879	865	890	899	888	899	870	883	887	898	885	889	887	875	893	884	890	895	871	874	874	901	901	889	881	895	878	894	906	892	871	871	885	889	874	897	867	876	890	877	872	883	878	897	880	884	899	885	880	888	886	881	874	866	886	869	894	867	881	885	888	881	875	890	872	866	880	881	881	874	875	872	884	878	881	891	876	864	875	890	871	884	856	859	877	873	878	886	877	870	892	881	869	874	881	870	870	864	873	866	843	889	876	860	857	867	870	866	866	852	867	875	857	875	868	877	875	860	867	862	868	863	864	871	869	860	863	880	865	872	874	877	878	858	866	859	872	879	875	871	881	878	871	851	861	884	869	863	859	882	874
866	887	886	880	887	895	879	873	878	881	897	883	894	857	856	886	879	889	876	876	875	875	880	872	878	865	883	898	876	885	874	877	879	874	884	883	892	875	885	862	889	892	881	868	867	876	866	882	876	883	894	889	891	890	873	875	886	887	873	880	873	865	877	866	884	890	876	890	889	878	895	870	871	862	891	879	887	859	879	877	881	881	885	883	862	884	874	896	877	865	868	885	878	884	878	878	890	879	890	875	883	881	869	885	887	865	876	890	886	881	890	892	887	875	884	875	892	883	885	886	867	878	895	880	909	881	905	903	906	870	888	886	875	893	885	886	875	875	880	896	877	877	867	872	882	888	880	885	870	877	884	884	892	871	874	886	872	886	877	873	869	888	909	874	868	890	892	880	883	876	873	886	870	889	862	860	877	885	872	879	880	870	872	878	871	872	879	884	889	875	870	899	866	862	857	883	875	889	871	868	871	869	878	857	872	869	886	871	866	872	866	871	865	873	870	875	873	870	890	867	871	876	877	849	865	861	874	860	884	860	876	869	862	878	882	872	874	865	859	875	874	853	870	869	869	853	846	855	868	874	858	865	875	878	889	877
882	886	878	880	881	883	883	869	890	884	899	899	874	871	888	897	891	883	887	860	870	877	877	869	886	861	868	874	892	879	866	868	893	878	873	891	900	884	887	884	881	884	878	869	882	880	892	883	866	875	874	888	875	887	873	859	870	885	861	898	867	883	874	888	865	867	881	877	878	874	865	892	874	881	875	870	874	895	874	871	885	887	889	885	871	880	881	866	878	891	882	876	875	869	883	887	900	883	880	875	891	882	893	882	901	883	859	882	891	886	897	893	903	885	883	872	888	887	882	875	880	888	899	881	893	890	884	877	886	868	887	882	876	873	882	883	873	880	890	871	901	880	892	901	879	910	874	866	886	867	871	899	881	887	887	885	875	892	883	885	890	885	878	877	896	875	860	873	884	874	879	882	866	866	873	867	847	875	887	880	877	885	865	865	872	868	890	882	862	874	892	889	861	853	871	874	864	886	870	877	863	880	877	873	878	867	870	870	872	861	869	855	861	876	856	862	873	856	874	870	871	850	862	861	863	873	869	861	884	867	880	876	888	872	879	862	860	868	874	871	883	872	880	879	899	869	878	864	863	877	858	877	890	867	872	891
887	876	880	885	873	883	874	864	892	876	883	859	872	884	876	897	885	878	886	900	878	884	869	869	884	893	886	888	868	870	888	893	884	876	879	900	876	882	866	881	884	886	895	889	882	876	875	883	880	883	882	871	895	878	885	875	877	859	867	874	865	866	893	867	889	886	871	876	897	882	883	867	862	876	883	879	869	879	888	889	891	892	877	882	868	869	888	860	891	866	904	882	892	897	879	856	871	874	882	895	888	887	863	891	891	874	879	911	885	887	885	889	895	886	873	878	906	895	893	874	881	875	885	866	903	904	883	882	883	887	876	899	881	891	895	880	883	870	879	897	884	891	873	893	892	876	883	874	866	874	888	867	873	895	881	880	879	874	883	870	880	853	881	879	879	886	888	878	865	881	873	882	877	878	880	868	873	870	875	868	880	870	873	869	876	880	877	888	876	866	868	898	868	872	883	868	869	862	888	873	880	874	885	882	862	862	857	874	863	863	855	888	871	873	877	863	874	859	886	866	871	875	881	881	871	865	871	876	868	863	870	869	866	872	871	861	870	867	868	869	878	867	867	858	852	865	863	867	869	848	854	879	869	866	882	877
877	878	876	890	896	876	883	878	891	882	876	879	879	851	865	882	883	879	869	888	873	879	891	872	886	872	869	879	874	877	872	874	873	879	882	856	885	882	867	877	884	892	885	889	880	886	902	892	874	898	869	899	876	875	879	888	879	890	877	879	872	879	893	904	883	878	875	880	884	891	879	863	890	874	885	885	891	879	879	882	866	887	881	881	861	879	879	868	888	892	861	887	896	896	878	890	873	868	882	873	877	878	886	891	888	888	897	873	893	894	888	896	878	872	883	874	878	873	894	893	883	871	878	879	888	889	881	889	869	894	886	884	890	894	891	883	900	887	885	913	879	896	885	890	880	867	880	880	881	870	871	872	876	870	879	879	872	874	845	879	897	878	883	882	879	902	871	881	865	883	873	865	876	886	881	882	864	872	881	878	881	872	876	892	895	900	870	882	870	881	888	871	867	843	872	864	887	885	885	874	884	861	866	874	873	870	876	875	861	886	853	876	885	858	861	868	864	872	859	894	878	882	874	879	875	857	879	879	873	861	872	869	861	854	864	868	862	870	857	890	872	877	849	878	879	850	862	868	867	859	859	853	880	847	875	885
881	876	899	885	902	880	876	881	894	873	876	890	876	887	892	880	869	892	861	872	886	878	880	864	880	871	885	884	894	888	873	878	894	887	878	892	885	899	881	887	890	866	877	880	875	885	873	900	898	879	878	862	902	875	865	885	867	877	885	870	890	897	874	872	885	881	866	875	898	876	872	885	885	871	886	878	868	888	883	891	887	874	860	875	875	873	855	884	881	889	880	869	864	892	886	888	888	868	876	889	894	896	884	870	880	867	870	882	891	896	875	881	895	883	878	891	888	895	887	889	891	898	889	871	874	899	879	864	863	881	875	885	890	905	872	879	884	887	896	874	891	886	895	886	887	887	879	877	891	873	903	877	880	869	860	889	886	878	874	884	864	873	875	881	890	890	870	863	882	885	867	877	869	881	878	877	882	874	880	881	872	877	881	876	880	866	876	878	884	854	879	880	871	888	895	865	892	891	872	863	882	872	869	858	875	859	890	860	867	861	865	881	894	859	866	876	856	885	883	891	874	864	882	871	877	867	868	873	875	860	851	864	870	869	888	877	856	861	868	868	852	880	868	868	874	862	862	874	880	879	851	879	877	864	861	861
888	905	874	881	875	876	876	869	872	873	894	888	898	878	880	873	872	883	889	870	880	890	883	872	883	874	877	881	898	877	871	882	876	887	892	895	875	880	877	876	875	865	872	876	878	903	862	894	882	885	883	891	869	883	870	875	885	876	887	859	885	876	872	887	883	880	872	892	873	887	874	888	886	886	879	883	890	873	881	869	875	889	898	880	868	873	868	891	876	896	866	856	881	874	894	867	876	870	887	877	881	880	885	863	892	864	878	876	863	876	878	903	886	899	890	887	881	877	873	891	887	878	880	884	903	873	879	902	890	891	880	885	881	879	869	882	894	886	869	872	885	881	889	892	884	896	874	870	880	878	884	883	877	880	901	876	875	868	866	888	888	869	876	871	870	882	858	866	873	885	871	859	881	868	888	883	869	870	864	870	865	880	863	876	867	868	880	873	882	871	868	868	878	873	883	872	880	877	886	881	880	872	876	871	866	854	852	864	879	893	885	856	850	865	874	870	876	877	854	873	873	862	870	877	874	876	873	869	892	857	882	866	866	860	876	875	877	875	862	876	859	854	863	863	872	871	859	881	863	860	867	867	876	877	872	881
872	859	856	890	881	886	885	882	889	872	877	890	873	888	880	890	871	858	892	864	879	871	879	896	880	885	853	873	876	888	892	886	868	876	878	890	881	876	892	889	861	896	878	872	876	880	876	885	870	886	882	862	874	877	875	879	887	869	866	897	885	887	862	879	884	886	867	897	891	890	889	901	872	883	883	864	874	878	873	877	882	877	879	870	872	881	880	887	879	870	886	878	883	869	873	877	881	867	878	874	882	872	867	875	909	871	878	893	897	892	873	893	878	874	878	884	892	881	875	885	876	868	882	865	894	890	878	895	882	863	897	873	871	891	889	872	892	881	885	900	868	874	874	884	896	890	893	891	888	878	883	866	885	892	863	893	887	872	884	883	882	871	870	876	877	871	869	855	878	868	877	884	883	885	876	868	866	883	896	880	862	891	869	900	874	889	877	874	862	873	870	882	873	881	880	867	879	872	868	880	875	877	878	876	890	865	890	875	870	871	872	867	863	863	859	868	849	873	869	871	884	872	860	862	869	860	876	884	865	858	868	866	868	894	863	860	879	864	865	865	846	873	866	866	880	869	870	871	873	890	870	861	843	876	877	869
886	876	879	896	875	889	894	891	892	871	880	879	877	888	879	886	869	864	896	863	879	884	870	866	887	873	888	893	889	879	890	874	876	876	873	879	879	880	886	892	873	865	884	883	874	882	876	888	881	889	879	864	876	872	876	873	868	880	880	878	878	872	878	892	875	865	868	877	868	877	892	870	868	874	890	868	883	890	871	863	882	877	889	875	871	893	868	876	879	873	858	870	866	865	894	889	887	903	866	879	864	879	879	873	885	878	881	887	880	884	877	886	893	882	888	888	891	892	861	894	880	875	900	878	887	894	869	882	871	865	885	858	881	881	886	864	877	874	870	875	890	902	883	885	873	897	887	881	872	886	886	879	896	894	887	863	875	882	859	875	889	881	891	867	879	888	884	889	853	871	862	858	868	872	881	895	871	872	874	890	895	895	876	877	875	877	881	872	884	877	874	868	880	876	864	873	876	864	880	878	866	870	872	882	881	889	871	874	867	876	882	895	881	867	870	865	871	878	895	863	858	861	869	865	849	879	872	870	870	880	873	852	871	871	862	858	874	875	855	871	877	863	867	873	869	868	871	877	870	868	866	859	872	873	876	865
884	871	873	882	888	898	873	852	873	892	887	886	870	878	872	881	887	879	877	868	870	893	881	868	886	885	884	880	868	879	892	866	896	880	881	870	873	884	882	892	891	868	886	891	882	877	864	879	887	877	878	880	871	877	880	863	880	889	878	886	875	886	880	865	893	883	873	884	868	878	865	862	862	872	877	876	863	875	866	874	870	889	877	863	869	881	872	880	887	874	884	880	870	881	883	882	872	853	892	873	877	878	894	892	876	874	907	895	892	882	869	905	875	892	871	882	884	899	866	881	877	874	867	893	876	886	877	867	876	880	889	894	893	894	874	874	885	870	891	883	907	886	873	887	873	887	885	882	875	888	889	890	889	889	890	876	883	880	892	883	874	869	882	874	889	871	872	893	873	876	875	878	868	882	882	867	883	862	885	881	883	871	877	862	866	871	867	890	877	875	881	867	877	888	855	862	871	864	874	871	877	877	858	877	871	846	866	857	878	875	869	867	876	877	865	878	859	884	872	880	875	855	870	868	862	887	865	879	864	873	863	858	871	862	864	863	889	869	853	882	881	880	864	852	865	868	854	878	870	866	872	863	863	889	877	858
874	884	876	899	886	895	872	868	875	893	885	870	874	879	876	892	877	881	883	870	892	882	900	885	891	878	897	888	888	889	887	866	882	882	888	893	889	889	869	886	884	884	882	894	873	874	886	877	891	896	877	871	892	881	880	870	877	848	888	878	879	876	886	866	879	873	882	879	871	871	882	889	883	879	875	875	868	893	879	879	873	888	876	883	875	882	884	872	871	883	889	870	882	885	871	870	881	871	884	865	891	876	895	884	880	893	900	897	888	892	882	888	878	878	866	867	878	879	895	879	869	871	887	891	857	888	887	873	883	878	874	879	888	883	893	883	889	866	871	886	891	902	885	883	891	877	877	876	895	883	872	874	880	875	881	870	877	876	881	876	863	856	882	870	884	875	874	879	869	880	857	881	871	874	888	880	880	869	893	862	848	862	872	902	885	874	871	858	863	876	869	865	885	891	864	876	890	880	885	874	878	869	882	876	881	881	884	873	874	872	878	876	884	845	874	873	882	874	874	859	882	867	865	875	887	865	867	868	875	863	872	883	860	869	863	864	877	878	876	879	876	862	867	874	869	870	883	867	871	864	877	871	871	875	860	874
875	875	880	889	873	883	879	870	860	880	873	877	895	888	872	868	876	875	870	870	890	878	897	887	893	881	869	880	873	880	888	888	892	874	864	870	890	868	875	880	881	889	882	879	880	874	876	887	889	878	875	874	883	862	883	873	871	873	863	887	890	881	886	889	885	889	862	883	868	868	880	885	871	884	890	890	902	897	886	861	877	879	884	885	874	896	887	888	876	877	878	889	860	878	872	907	892	894	893	880	879	864	883	878	874	871	882	887	889	897	871	885	873	890	874	887	874	872	881	877	889	903	886	878	892	878	885	871	887	870	885	888	887	887	871	874	900	877	875	889	857	884	886	877	880	892	876	887	884	880	870	884	881	880	874	857	864	874	868	877	866	878	863	884	884	887	883	881	862	880	875	879	870	871	874	873	861	879	879	875	862	890	867	885	893	885	877	867	860	870	870	876	865	870	865	879	886	872	869	870	849	881	866	870	871	864	880	869	863	861	874	860	862	863	864	867	866	873	871	862	873	871	862	883	879	872	857	869	873	861	856	866	880	868	864	862	863	854	862	870	863	863	879	879	875	857	883	881	865	873	858	859	878	876	874	871
862	890	868	881	872	881	889	882	878	882	880	888	877	901	871	888	874	884	866	877	880	883	860	883	882	872	881	874	899	893	892	884	869	885	864	874	876	886	900	880	877	868	867	870	858	868	862	879	893	899	880	887	897	896	891	878	883	880	874	873	873	871	876	875	884	868	889	880	871	870	890	870	872	865	877	891	879	896	876	888	883	881	886	878	886	865	876	875	865	875	884	852	869	890	881	888	880	896	905	890	888	876	884	882	877	882	892	880	893	866	871	880	892	890	885	865	886	878	889	882	886	889	883	874	885	885	870	873	889	886	864	873	868	894	881	882	866	866	899	892	883	871	883	879	894	879	907	893	879	891	867	871	886	859	881	877	887	865	879	896	866	881	874	863	880	899	878	875	867	884	863	879	877	879	850	899	869	872	891	875	873	872	880	881	861	882	866	890	866	872	875	861	867	867	878	887	886	861	865	885	875	861	862	856	884	867	878	877	876	876	875	877	874	880	868	867	860	875	862	864	885	868	877	859	872	876	858	862	873	862	872	881	861	866	849	864	862	874	871	880	862	879	865	869	866	869	875	870	878	869	878	863	865	887	872	873
881	874	889	887	882	870	889	864	891	887	883	858	886	887	877	881	873	883	869	870	878	890	877	870	883	869	879	880	885	881	894	893	868	886	870	871	884	864	893	873	887	884	882	892	880	871	878	879	870	884	879	893	877	895	882	887	884	876	873	897	893	878	872	882	876	904	887	878	881	888	874	869	863	872	874	891	872	873	896	889	885	874	874	876	870	892	893	867	878	881	878	884	879	867	884	881	868	883	895	892	876	870	883	897	876	858	875	885	886	882	877	883	898	877	889	886	879	909	904	884	877	883	888	886	872	882	885	878	869	882	879	870	891	898	883	891	881	879	901	871	885	872	867	884	875	876	876	889	884	889	892	884	882	872	878	882	886	871	904	867	881	865	877	866	847	890	884	876	879	873	871	878	874	867	860	883	889	871	873	874	889	870	881	870	861	876	861	876	873	884	874	870	856	878	872	883	849	862	873	868	873	872	885	868	860	864	876	866	856	878	858	870	861	876	879	883	857	864	864	889	873	866	868	874	866	878	879	882	867	885	859	857	883	865	856	853	858	865	882	868	884	891	866	869	878	864	859	861	878	867	874	881	870	873	857	881
874	879	880	885	895	875	865	876	882	883	867	872	878	879	877	871	892	873	879	870	873	874	864	883	873	900	879	892	871	868	886	897	912	889	874	883	898	862	884	883	875	893	883	862	865	889	876	883	883	898	876	860	873	877	883	884	880	880	892	875	880	870	890	886	879	870	891	881	877	885	849	877	884	868	880	862	880	878	874	856	879	868	879	885	878	881	882	883	882	889	864	877	871	871	874	862	874	869	895	889	899	871	890	877	864	873	873	873	884	906	880	888	896	868	881	888	904	874	858	888	878	888	889	871	908	881	876	868	867	858	886	880	878	879	877	871	874	883	907	864	877	883	879	893	878	878	879	887	880	883	873	873	881	876	863	870	878	878	870	873	883	873	877	871	880	875	874	870	877	882	865	883	877	862	877	874	889	876	897	886	879	872	890	876	871	859	866	865	878	865	893	871	868	869	880	876	865	856	872	874	872	868	864	858	863	856	868	866	861	877	866	872	871	870	874	887	892	879	879	879	855	868	875	875	873	857	860	871	877	866	866	858	867	870	869	855	849	847	877	874	859	872	867	876	875	875	878	869	860	873	867	873	866	864	882	867
883	886	885	885	876	873	881	886	892	872	864	882	877	886	866	872	865	876	881	895	886	870	858	870	891	889	893	871	879	901	874	878	885	877	882	881	879	874	876	893	890	873	885	864	886	879	886	888	876	875	877	863	882	886	883	872	863	899	885	895	878	885	879	886	879	865	896	865	893	897	888	890	878	880	882	872	883	873	866	879	886	875	882	891	887	887	877	869	881	873	879	886	874	880	888	887	867	893	888	864	893	879	872	882	886	882	875	862	885	893	885	867	897	884	876	876	885	886	888	886	872	876	895	876	887	888	886	873	882	875	872	893	876	877	863	886	876	890	874	885	883	872	877	879	874	891	876	868	881	881	893	890	894	872	868	882	881	881	878	886	871	870	886	889	879	867	881	873	868	865	877	878	874	872	856	866	881	859	870	866	875	884	889	879	875	873	878	882	879	877	892	891	871	881	864	866	865	879	870	880	855	868	883	873	884	871	888	867	886	882	873	868	885	867	869	874	864	878	871	856	895	874	875	861	872	857	875	879	858	876	858	877	877	861	860	889	878	880	872	872	870	883	878	858	864	865	881	877	861	856	888	876	890	876	866	868
868	894	892	883	869	872	885	880	879	886	868	884	890	879	889	874	874	889	865	874	893	881	874	882	881	872	884	875	885	886	872	876	879	880	879	880	882	879	886	867	872	883	891	887	875	868	887	869	869	893	862	889	892	886	882	871	860	876	873	879	885	866	880	890	867	868	879	884	887	885	862	877	880	867	878	891	872	876	881	873	889	876	878	880	884	860	874	875	894	876	880	869	877	877	874	878	872	880	872	877	869	870	902	890	876	894	879	873	869	880	873	885	904	864	874	894	888	888	882	905	885	866	870	865	888	876	885	891	882	890	880	872	891	883	863	898	892	893	875	877	883	886	886	875	876	891	893	873	867	884	905	888	884	861	878	888	888	874	876	885	882	890	881	866	888	879	877	862	857	866	851	882	883	872	859	883	865	871	862	855	871	894	875	889	863	887	869	873	868	873	877	876	878	868	866	864	874	867	874	887	874	873	871	875	883	869	874	867	859	885	872	883	867	867	856	866	881	869	861	882	873	870	862	872	875	866	861	873	866	887	869	860	868	867	865	872	852	874	877	866	880	876	867	872	867	878	870	863	874	865	871	869	875	881	884	865
886	881	873	883	886	885	888	846	889	875	880	878	893	888	873	872	859	874	890	876	896	885	879	873	866	870	868	871	880	867	883	876	877	880	893	875	880	870	876	880	877	860	881	884	884	898	892	866	882	882	889	868	903	883	873	868	878	897	903	868	900	891	876	867	878	870	879	868	871	877	867	881	892	893	878	893	882	884	886	879	888	893	890	875	871	888	874	897	879	865	866	877	884	861	878	881	888	882	896	873	880	894	883	880	906	868	889	881	906	905	896	876	868	873	874	864	868	866	894	883	870	874	881	869	881	887	887	876	886	896	881	879	874	901	890	870	885	863	874	871	885	872	887	879	885	900	872	889	877	890	862	884	874	890	897	871	870	883	883	874	883	881	885	849	879	885	866	864	888	879	882	881	880	878	871	871	870	858	871	873	883	891	871	885	880	885	861	867	872	892	890	878	873	862	884	883	865	876	875	866	867	880	862	863	877	857	860	889	859	848	866	882	878	873	858	851	877	881	864	875	859	872	888	864	855	879	862	868	856	875	869	875	872	886	873	860	871	858	871	876	888	877	861	863	868	888	876	888	857	872	864	870	878	872	868	872
873	867	870	867	882	878	895	875	891	875	891	877	879	891	873	885	866	865	875	880	886	877	878	879	872	889	878	879	879	882	886	883	875	869	899	867	891	861	890	871	881	881	896	881	889	866	882	888	874	888	881	879	862	875	866	876	875	883	897	865	874	867	875	884	884	883	863	893	876	894	863	881	882	886	877	861	870	881	867	882	874	869	870	865	869	873	868	871	884	890	860	874	885	894	891	882	891	860	875	859	881	879	868	873	883	868	891	880	882	889	878	885	868	885	892	861	886	868	886	892	886	879	894	887	884	879	879	883	873	888	865	889	897	872	882	880	882	870	896	887	876	881	881	878	873	882	880	898	871	892	861	884	873	883	886	874	880	866	885	871	867	862	865	882	873	873	871	864	881	892	862	879	868	856	874	873	861	864	864	891	872	860	890	872	885	886	872	871	870	874	875	872	877	885	875	873	878	866	878	865	878	865	879	863	870	863	870	875	863	881	883	865	883	889	884	857	860	883	860	870	876	876	863	876	865	874	880	883	874	862	879	872	863	877	845	873	870	857	862	884	866	865	868	859	886	875	858	870	887	861	871	885	859	869	870	869
878	892	874	887	882	891	884	869	897	895	873	874	884	890	871	882	877	888	871	865	877	862	876	881	876	870	889	874	876	864	885	880	891	868	868	880	882	873	888	884	890	883	882	858	878	891	873	865	883	885	885	886	888	895	880	878	879	884	885	874	871	877	884	880	889	887	870	878	864	872	887	891	891	874	882	877	893	889	883	875	876	890	876	883	889	880	879	876	897	876	876	881	882	876	888	870	898	881	888	888	873	877	886	890	876	856	892	891	879	866	882	892	879	883	877	879	858	879	893	870	893	873	911	878	873	864	898	873	893	880	864	885	878	876	886	862	902	879	874	877	873	863	877	879	870	888	887	872	867	891	878	873	858	883	885	875	872	895	873	878	867	876	865	870	895	869	878	878	875	873	880	867	873	877	886	890	879	870	880	877	873	889	879	886	896	870	876	863	871	870	877	860	869	847	883	886	870	872	869	875	865	869	868	874	865	864	854	878	873	852	886	861	865	868	872	869	864	860	862	876	876	854	858	867	872	868	863	883	863	868	874	857	855	871	858	853	866	871	871	851	860	867	863	891	853	864	865	865	871	856	868	852	854	861	880	862
880	903	880	893	891	886	879	876	902	871	871	881	878	885	891	885	878	887	888	865	884	879	891	886	876	882	875	873	881	876	891	891	872	880	878	893	861	868	896	879	890	876	880	876	877	869	880	878	874	866	864	868	869	881	887	876	882	874	866	865	878	873	893	871	876	877	894	874	883	884	868	861	881	865	880	870	892	878	864	866	889	888	887	868	883	878	862	871	866	885	889	889	877	889	878	870	862	884	886	869	873	897	888	875	878	878	876	890	893	895	887	896	877	888	879	887	888	876	872	865	879	880	882	872	878	869	872	889	884	871	876	872	854	882	881	872	868	893	879	872	896	886	880	875	888	864	881	884	875	872	890	872	894	887	894	893	890	885	869	879	872	871	866	874	895	872	885	887	889	883	872	870	897	852	873	882	885	884	874	876	879	878	882	861	862	869	859	881	876	883	878	865	860	888	877	867	860	876	862	866	875	874	868	855	873	853	859	868	869	880	866	867	880	858	856	877	867	864	875	866	846	873	868	879	873	883	868	874	883	870	859	872	869	861	875	871	892	854	882	871	897	854	877	869	853	890	867	880	868	868	863	869	878	872	876	853
882	887	875	890	884	887	883	881	873	886	863	881	876	874	877	887	874	894	863	868	891	885	891	865	892	891	876	867	874	882	865	882	881	879	885	882	867	876	863	896	879	857	902	861	892	873	870	879	890	876	870	877	881	879	864	877	872	872	887	878	894	872	876	873	885	889	886	880	880	868	888	881	890	888	906	878	870	879	880	871	869	877	865	896	873	892	890	874	872	882	882	877	875	878	877	879	880	891	873	882	881	870	889	886	873	870	879	890	889	884	875	871	867	886	886	879	871	879	881	873	865	869	873	876	872	876	876	868	854	892	880	876	882	881	888	862	886	879	878	890	889	885	889	871	867	878	886	874	887	879	881	859	871	873	873	894	887	883	872	864	871	863	865	880	864	865	865	884	870	866	862	878	880	875	871	871	877	882	869	889	861	872	871	872	866	872	880	871	878	867	864	856	877	855	865	862	858	864	869	862	881	891	868	854	869	874	873	864	863	870	853	856	876	889	869	868	882	872	878	870	884	875	870	869	881	884	881	877	868	874	854	864	886	864	865	855	866	855	880	886	873	863	863	866	847	882	865	877	863	879	863	884	860	871	863	881
890	889	895	885	886	869	878	889	896	889	876	881	888	862	880	870	858	886	875	874	893	885	867	885	865	884	884	873	888	896	870	892	878	874	878	881	886	889	875	873	886	879	872	897	882	871	879	880	870	855	859	883	892	851	873	875	877	884	875	880	885	872	884	875	886	872	886	880	869	885	882	891	872	890	868	879	877	880	873	866	871	882	890	880	887	873	893	871	862	865	874	888	881	869	886	871	884	852	876	871	889	884	876	880	887	892	862	892	890	883	884	875	882	877	887	888	881	881	882	901	884	884	890	887	888	878	876	883	869	884	885	866	895	882	894	874	879	881	883	885	869	883	882	869	888	900	883	883	880	880	868	887	881	868	876	884	883	870	862	856	882	881	879	883	872	899	876	853	881	876	867	868	872	892	886	871	888	882	876	873	873	876	899	884	860	866	878	875	860	874	861	875	873	890	875	872	885	868	879	871	876	874	876	867	877	866	867	882	861	848	873	879	873	852	872	880	871	866	868	860	856	853	867	874	860	876	868	873	883	864	880	876	884	869	878	866	904	866	868	869	859	860	861	870	864	869	870	872	873	882	864	863	858	872	891	866
899	891	905	895	894	873	871	864	873	867	872	889	890	866	881	874	886	887	891	882	883	869	887	875	875	887	878	879	867	889	879	883	867	883	878	881	879	867	875	893	866	883	879	889	882	875	885	887	878	883	883	872	863	883	861	883	890	881	879	878	881	881	886	883	873	896	870	891	875	870	882	869	859	873	891	879	882	871	878	891	883	883	883	897	879	877	875	881	870	881	912	879	882	865	874	880	877	883	868	895	886	882	895	882	879	877	883	905	881	893	888	893	874	882	880	886	874	881	895	866	867	885	886	877	879	883	878	897	886	865	863	873	866	883	872	881	870	867	891	866	878	871	861	873	875	881	877	882	864	869	882	872	873	864	896	891	870	868	870	872	885	867	862	879	884	872	875	879	875	882	894	875	867	851	887	881	883	873	873	875	870	897	886	874	877	877	868	869	891	860	864	874	878	863	870	870	871	877	859	869	863	863	868	883	886	859	887	872	877	883	869	879	858	866	861	868	887	867	871	892	862	881	865	871	874	867	858	872	859	873	881	867	862	873	862	856	865	873	858	873	876	868	882	873	854	886	880	897	858	893	867	860	874	875	860	871
869	885	881	885	878	886	882	880	874	871	867	883	888	877	875	891	863	866	888	875	899	873	877	876	887	883	880	868	876	877	887	894	884	894	880	893	887	884	889	874	888	879	878	882	865	892	881	893	883	872	868	882	880	889	878	894	885	878	874	891	871	890	883	885	875	873	873	885	860	863	892	882	878	890	871	882	863	889	871	883	871	889	874	883	879	865	862	897	879	869	882	873	866	865	874	881	886	879	870	877	890	887	885	865	882	887	873	876	878	889	881	884	888	873	880	864	888	884	872	870	892	884	874	870	875	880	874	881	871	881	882	879	870	893	878	879	871	863	870	879	879	893	879	867	895	877	868	869	871	885	868	888	880	887	868	888	862	866	865	878	862	879	867	864	867	859	861	889	880	877	877	870	886	868	886	872	867	867	886	869	862	859	867	853	874	869	879	863	858	865	860	875	863	861	868	870	867	865	872	854	873	857	862	866	869	852	870	861	873	878	852	873	856	858	873	866	872	874	865	874	877	890	875	866	875	884	871	869	875	855	870	867	882	867	849	861	855	849	865	864	884	873	864	884	878	868	866	856	866	873	876	847	868	859	862	878
885	880	875	880	890	884	896	871	882	877	884	880	887	891	868	888	872	873	885	880	876	890	880	862	896	894	885	880	879	874	869	890	876	877	889	872	875	876	872	882	878	883	874	884	875	877	893	881	884	891	878	876	866	866	881	879	868	879	877	874	875	866	865	884	891	869	879	880	886	885	886	877	880	883	862	887	882	878	885	877	877	869	883	872	872	868	870	875	860	880	868	893	873	884	882	870	868	868	858	863	877	880	896	875	869	870	890	884	889	884	883	881	868	882	870	879	884	892	875	861	879	896	886	881	876	881	886	881	882	874	888	885	872	899	887	882	880	880	869	881	883	878	884	872	876	901	883	872	880	882	868	879	874	884	873	872	893	893	896	888	864	874	876	876	866	872	861	870	876	871	878	870	867	852	867	883	873	865	862	875	875	862	874	869	875	863	879	879	870	871	867	861	875	865	871	857	874	867	890	869	874	869	869	875	878	865	886	874	877	871	874	887	859	864	875	873	873	873	864	879	872	872	870	864	875	882	880	891	854	875	867	862	867	865	871	869	875	877	862	885	878	861	862	867	882	871	868	875	859	875	899	884	887	875	855	881
880	891	879	885	874	886	881	881	888	879	885	874	886	876	871	892	871	885	876	869	888	865	896	882	880	878	870	878	883	880	889	881	875	897	878	870	874	869	876	881	887	889	894	882	866	885	870	885	883	897	886	893	888	881	880	887	892	898	872	868	889	888	889	886	872	894	876	888	879	876	885	868	872	877	854	872	890	896	870	889	892	879	880	887	882	880	883	876	869	887	878	887	890	880	903	871	873	871	872	885	877	880	883	902	878	864	882	887	895	881	878	887	869	877	898	889	875	878	882	879	868	891	873	887	873	876	885	880	871	878	888	876	874	867	871	884	874	871	873	875	880	871	865	866	885	856	873	894	873	862	876	884	871	880	871	864	884	857	870	891	870	890	888	885	877	873	881	870	880	888	870	872	873	870	882	887	852	876	891	893	877	876	864	891	888	872	876	866	883	860	866	874	875	875	870	875	865	873	845	873	879	874	858	872	886	881	879	871	880	881	884	875	863	862	864	862	867	875	873	848	877	879	873	848	872	872	871	864	868	870	866	865	880	876	881	865	872	874	878	880	860	876	857	873	858	862	868	858	872	859	867	870	857	870	877	857
882	883	882	873	879	883	877	889	890	881	885	856	874	889	878	868	880	889	864	897	892	866	868	878	882	876	879	878	899	877	858	871	899	869	872	887	885	877	870	876	871	890	870	861	894	897	879	887	870	867	868	877	875	875	873	876	888	875	879	870	890	882	873	883	889	885	883	896	889	886	872	899	904	856	879	860	883	880	880	873	860	885	874	886	876	882	884	879	883	886	883	886	875	893	877	875	875	879	884	876	883	865	883	866	884	881	874	887	893	872	878	861	895	878	878	897	888	883	893	857	876	892	883	862	880	890	890	857	891	880	891	893	886	875	864	875	876	869	881	878	883	878	876	890	865	861	867	858	855	870	870	881	893	865	877	863	878	870	876	874	889	889	897	896	865	890	880	870	890	860	873	874	875	869	872	880	859	881	872	876	872	883	880	862	864	866	879	860	863	868	871	887	864	867	872	879	881	872	877	878	867	888	878	860	879	857	864	877	862	871	870	864	864	879	879	863	852	864	877	883	877	880	868	882	851	868	872	868	867	869	872	884	864	849	844	866	872	872	868	868	873	864	874	878	856	872	888	859	861	876	868	858	855	860	866	870
868	872	872	881	864	880	878	888	876	886	886	873	872	880	865	881	880	884	872	888	880	874	886	876	874	878	883	887	884	871	895	887	889	874	877	893	871	878	871	890	890	883	879	893	897	891	863	891	884	890	885	895	863	872	877	886	885	871	874	884	869	862	887	879	874	876	901	895	889	877	888	886	877	888	878	882	877	866	878	889	863	886	881	863	884	865	875	880	893	886	870	879	884	872	871	883	883	864	878	895	907	887	878	875	883	887	877	879	895	891	875	866	873	885	877	873	879	884	888	872	886	863	876	894	898	855	887	878	889	879	887	869	863	874	865	865	892	887	877	866	870	872	885	872	863	883	862	872	878	887	897	887	886	871	875	870	871	893	877	873	891	861	862	866	872	889	872	869	869	876	870	870	874	878	850	877	867	875	859	873	872	877	865	867	864	878	866	868	877	862	879	875	876	868	889	879	887	860	862	882	877	865	892	877	871	860	874	872	878	859	872	875	876	881	889	888	885	864	876	878	866	874	878	860	873	875	881	867	892	892	861	886	867	878	876	874	881	855	855	870	875	868	873	869	863	877	868	866	866	877	868	870	881	869	880	880
874	876	881	874	882	887	898	886	877	871	881	885	875	878	877	880	874	885	875	876	874	883	870	871	882	879	881	885	871	879	901	874	864	871	875	888	891	896	871	867	880	877	884	879	893	870	878	866	877	888	891	893	863	890	892	881	882	887	871	876	900	891	867	889	884	884	879	881	878	880	880	885	878	875	880	858	882	873	875	884	873	873	876	875	876	878	884	888	877	882	885	868	886	884	861	896	870	883	890	866	870	889	879	881	887	889	894	881	872	895	896	901	882	866	871	854	866	885	865	869	885	911	874	888	874	872	889	897	888	881	882	874	874	882	862	873	877	871	871	869	860	888	879	869	896	858	874	861	866	868	895	875	864	869	876	871	875	892	868	870	881	875	864	880	869	886	883	862	860	874	895	877	865	878	871	869	876	872	865	867	860	874	866	876	881	878	877	877	860	860	901	870	866	866	876	858	865	871	873	860	871	880	871	868	874	879	880	871	866	883	853	866	871	877	873	868	873	863	868	868	864	878	879	870	872	872	857	859	871	874	874	868	885	891	859	875	860	880	855	873	863	878	872	857	852	889	861	860	864	852	872	852	866	876	872	850
876	867	883	893	863	874	869	887	888	863	879	856	885	886	877	887	880	870	875	892	889	870	885	891	894	874	871	882	883	863	865	873	883	883	869	886	894	873	857	876	875	891	880	878	890	881	879	880	887	875	870	863	880	873	883	881	887	886	866	883	880	885	877	873	883	894	874	882	882	881	893	875	873	883	868	868	875	878	885	870	884	871	881	884	869	882	877	876	872	886	887	872	876	866	875	885	860	862	871	877	858	898	873	869	880	875	873	876	878	882	885	876	880	883	885	886	884	870	873	874	885	874	895	878	887	872	861	869	895	875	882	880	878	873	889	889	882	881	856	880	868	889	880	876	874	872	882	876	872	889	872	869	868	860	870	876	870	872	864	859	886	873	874	878	871	875	876	867	881	865	867	880	867	870	866	883	868	871	877	865	867	874	857	862	870	863	857	862	869	867	885	874	883	874	865	870	865	867	877	886	869	866	867	876	879	878	875	869	860	883	873	873	864	872	863	876	880	874	860	889	864	860	845	864	870	870	870	854	872	857	873	875	879	858	872	854	877	875	875	862	871	870	869	871	847	859	873	868	857	883	869	876	856	860	861	876
886	887	883	884	878	877	899	875	884	875	884	879	887	888	871	874	889	881	882	869	879	884	882	869	880	885	878	889	880	870	882	871	892	888	867	867	863	882	882	873	879	879	881	873	880	881	871	872	876	874	870	887	880	888	889	877	875	876	892	898	886	857	882	862	863	893	880	887	873	871	874	898	877	880	885	881	873	866	876	886	882	874	885	874	879	867	889	888	881	879	867	880	874	896	869	869	880	895	862	864	874	880	879	877	896	871	878	865	872	880	873	889	892	866	874	892	878	904	891	881	872	863	882	865	888	888	867	891	872	874	892	881	887	874	871	884	872	879	871	873	872	872	871	871	880	870	884	869	865	888	883	866	876	866	874	877	873	900	881	895	880	870	892	880	889	860	851	882	864	870	868	867	881	876	875	882	887	866	872	865	887	889	875	864	872	875	860	871	888	884	867	886	869	864	880	867	875	876	880	870	873	889	870	878	869	880	870	871	859	860	884	871	871	877	866	860	869	845	868	871	880	886	874	866	879	864	879	877	879	853	872	865	868	871	876	862	866	876	863	880	871	861	862	857	846	845	870	893	866	873	880	885	854	881	870	864
863	883	871	886	897	875	891	861	883	886	881	879	884	881	869	878	875	886	874	890	865	883	875	889	899	874	877	891	886	887	875	866	879	887	893	883	877	877	853	872	875	870	884	882	874	883	863	870	899	879	875	873	883	887	879	879	892	867	849	895	877	886	857	876	891	878	867	868	870	895	883	887	894	889	887	895	889	871	880	883	877	872	861	892	869	886	878	884	876	876	891	871	896	894	870	889	863	882	895	887	876	869	881	899	889	878	878	880	881	870	897	877	880	880	883	890	886	850	878	879	865	863	877	885	885	884	875	880	882	862	872	871	882	891	885	886	885	889	877	866	875	882	864	870	885	883	885	874	877	874	865	882	871	862	875	876	873	875	861	883	868	872	869	868	873	862	876	900	876	896	881	880	884	876	870	876	894	856	876	871	870	881	876	866	861	883	874	872	887	870	885	867	850	867	871	858	865	867	865	881	871	874	873	862	864	863	899	864	871	878	867	871	858	871	867	857	871	867	857	859	868	863	867	892	863	870	865	885	874	859	859	866	864	867	851	887	863	868	871	875	867	875	872	869	871	867	871	854	874	881	867	853	857	867	872	875
881	870	873	889	878	874	877	876	892	879	873	868	856	898	887	860	878	878	889	875	874	871	881	882	867	879	891	884	875	885	877	877	878	895	872	888	896	867	883	870	894	866	895	877	889	891	879	853	862	864	883	901	862	877	880	881	870	877	880	872	876	865	878	866	882	880	888	883	881	875	882	876	889	884	873	881	894	872	884	886	878	889	886	886	881	877	876	897	889	898	878	868	882	854	873	873	882	891	885	862	886	891	869	882	875	891	887	876	877	879	875	885	880	866	891	883	874	880	883	869	883	879	886	873	872	891	875	861	898	880	881	871	876	883	868	878	873	864	887	876	879	884	876	879	864	893	876	850	857	882	874	872	867	886	875	893	884	873	877	883	878	866	872	880	863	891	883	874	884	857	891	881	883	874	878	867	892	881	857	885	859	876	872	884	868	873	866	864	860	854	876	877	878	862	869	870	876	879	873	872	873	866	865	874	890	872	867	874	873	871	866	871	879	890	871	869	855	875	877	869	876	863	861	868	866	876	875	870	878	859	878	875	859	873	863	871	855	885	870	875	875	861	872	865	875	867	866	854	872	859	869	883	867	862	875	872
878	875	880	888	869	879	877	880	862	892	889	876	878	883	868	888	874	877	867	872	874	867	888	861	880	873	881	892	894	874	874	874	878	889	877	889	883	877	866	878	880	889	884	871	891	872	896	878	895	895	876	888	889	867	883	880	872	876	865	863	880	870	886	880	889	880	881	871	884	882	876	864	877	876	881	876	888	874	880	876	874	872	875	884	874	887	876	885	902	873	895	888	876	879	896	867	874	870	867	876	887	879	887	883	888	889	877	879	867	876	878	886	865	885	874	871	883	884	898	885	875	885	874	875	880	887	880	873	885	884	869	862	894	870	886	888	879	893	873	889	898	877	880	880	872	891	874	870	864	890	877	871	875	880	881	880	887	881	886	876	878	869	868	879	874	853	878	868	853	877	856	867	872	868	870	874	877	864	864	863	861	880	872	880	859	874	876	866	862	865	879	872	875	893	874	867	874	869	878	873	857	861	874	859	880	862	868	877	875	878	875	846	886	865	869	869	869	875	864	856	882	864	871	872	876	869	870	867	872	858	858	869	861	866	883	869	880	860	875	857	874	858	866	883	876	885	859	873	873	876	874	867	846	882	868	883
870	868	878	880	868	899	892	865	878	882	883	878	874	873	883	869	885	859	888	873	862	870	877	866	868	889	895	890	895	870	882	873	905	887	875	881	878	880	867	891	866	891	878	869	879	887	885	887	874	877	881	874	875	881	872	894	885	871	882	872	901	874	881	903	870	876	891	886	887	871	870	871	877	871	873	887	885	878	875	888	895	886	877	899	890	881	867	894	867	879	884	863	879	871	889	870	865	885	885	876	903	890	886	902	882	879	883	879	883	871	877	883	885	879	887	864	857	870	885	863	876	882	893	872	881	870	875	878	874	882	887	895	881	871	877	877	875	878	869	874	878	893	873	876	889	879	868	868	868	884	883	862	866	866	856	867	873	875	871	872	871	870	883	867	876	873	887	885	867	866	880	871	876	873	889	850	873	878	872	868	871	870	871	870	872	871	869	873	863	882	865	882	882	863	893	878	885	865	867	868	885	886	846	877	868	870	877	863	856	850	875	872	867	874	875	853	872	859	857	883	882	858	887	866	857	887	885	863	863	860	857	880	859	863	870	854	868	877	877	859	883	848	874	868	871	891	864	883	864	881	875	862	881	880	868	861
866	872	871	891	873	863	890	879	867	886	879	899	877	891	887	869	885	890	881	885	892	876	899	884	874	898	874	895	890	877	883	867	879	875	880	887	871	871	881	894	875	879	873	878	885	875	893	894	869	882	879	884	895	878	869	883	896	891	871	880	885	878	887	893	884	874	861	885	884	884	877	876	886	886	882	894	894	879	873	873	887	891	869	894	872	867	881	878	871	890	873	898	875	875	881	868	897	867	879	858	884	888	895	869	875	870	900	881	888	881	883	880	868	882	878	881	872	864	881	889	888	884	880	880	870	878	884	878	886	881	873	890	869	887	874	874	885	870	881	889	899	862	875	866	878	863	877	865	871	871	879	862	872	863	875	869	859	868	873	871	868	867	878	864	885	882	863	891	856	868	875	877	873	882	872	879	870	870	879	868	883	875	883	857	878	871	889	883	884	877	873	868	863	866	866	874	866	897	855	877	859	857	866	871	864	857	882	871	871	866	872	839	877	875	861	860	877	862	883	868	870	864	869	881	860	859	858	864	878	860	881	863	868	859	868	860	857	886	861	872	880	866	871	868	874	868	859	873	868	879	870	857	862	874	883	885
882	892	880	869	881	873	900	880	874	892	890	888	878	877	890	885	882	891	872	895	868	869	889	880	873	888	862	870	870	882	892	875	885	885	873	872	881	880	888	870	870	878	880	870	893	891	867	890	869	860	881	875	897	894	884	890	877	878	867	866	871	896	869	877	865	883	880	876	874	884	881	872	872	873	882	864	868	880	880	877	870	880	878	884	868	869	902	873	886	878	866	871	890	885	887	855	889	891	874	873	871	874	877	867	872	893	895	880	889	878	888	891	880	894	883	884	891	874	875	883	878	891	875	867	891	867	889	867	875	871	891	866	891	881	873	873	871	883	882	882	872	863	867	891	879	862	883	867	869	879	883	885	871	874	891	877	872	873	885	881	864	866	884	886	878	860	875	866	863	871	876	879	863	871	875	866	873	857	869	877	875	886	870	868	878	861	879	867	902	871	868	879	865	863	879	880	871	862	857	889	868	867	865	868	856	852	867	880	848	874	876	879	868	878	877	860	867	882	867	858	870	873	873	877	859	871	864	870	868	879	871	882	871	880	881	869	873	867	870	884	868	878	859	829	860	876	881	873	882	882	864	848	854	873	875	880
876	887	894	889	879	882	867	883	876	873	879	885	869	884	878	889	876	858	882	885	872	886	887	863	878	882	875	875	885	887	893	877	891	886	883	884	868	883	887	875	888	878	897	887	861	884	879	886	875	874	896	871	869	875	867	880	901	876	893	883	884	880	880	870	873	896	876	874	899	880	884	870	877	863	884	876	883	882	881	884	862	869	891	886	876	901	886	879	873	876	888	875	877	890	874	860	873	882	879	885	882	880	875	875	880	875	870	893	879	868	879	889	892	881	894	889	866	882	884	887	876	903	895	872	889	870	883	895	870	878	911	881	885	877	887	877	872	886	892	875	866	886	885	884	879	903	869	874	876	865	863	878	875	872	892	869	885	887	874	878	870	872	875	873	873	857	878	877	886	854	884	895	870	877	861	872	873	857	870	860	864	880	870	865	874	868	858	873	868	875	892	871	874	878	875	874	885	869	879	879	877	870	874	877	869	846	857	865	872	848	867	882	866	876	878	869	875	863	884	869	874	861	875	866	874	863	864	855	871	867	865	886	873	881	873	864	883	864	864	866	858	861	882	866	869	871	860	871	865	870	867	860	841	862	869	875
878	886	887	882	868	877	879	887	877	886	882	867	881	878	887	883	903	872	869	885	887	887	886	884	884	875	893	873	870	872	871	874	870	877	892	859	875	889	878	888	881	877	884	881	880	884	880	886	894	870	878	874	881	871	869	869	881	882	881	878	886	900	871	872	887	879	886	871	882	889	857	881	883	883	884	862	876	875	857	880	883	884	875	874	882	889	888	867	885	875	874	888	869	880	877	885	882	878	880	880	896	887	875	890	872	878	881	885	893	882	871	872	882	882	885	865	890	891	893	864	874	877	885	888	880	885	892	866	880	878	872	884	893	894	883	862	862	868	887	885	891	877	882	875	874	869	882	875	891	877	874	885	873	871	868	853	888	876	871	880	858	880	864	869	880	875	876	872	866	878	869	868	862	857	875	874	886	883	884	871	881	867	873	868	879	876	879	860	862	855	862	873	878	877	867	867	864	871	868	871	905	858	869	872	873	874	875	862	888	892	893	883	865	868	862	876	865	870	870	855	872	872	869	861	873	886	884	872	876	856	885	872	888	856	858	862	862	858	878	879	861	873	869	881	869	862	862	868	862	866	873	855	854	879	859	886
887	860	858	883	875	869	884	883	875	875	894	866	879	895	875	881	895	889	873	883	878	889	908	880	879	879	880	880	888	887	865	904	870	878	895	878	874	893	883	877	879	879	876	879	888	881	885	868	879	900	880	868	882	859	886	892	876	879	891	865	882	884	873	871	882	871	872	878	877	875	877	862	871	880	881	872	881	873	884	874	884	862	870	884	875	874	865	881	884	883	885	876	888	884	863	870	880	860	902	883	887	864	882	897	871	887	882	879	874	873	877	877	883	887	876	878	888	885	883	884	875	884	868	881	890	893	876	890	868	887	878	896	865	872	877	869	894	878	896	882	866	867	861	884	899	877	897	882	878	883	882	884	875	871	885	873	866	883	861	880	878	867	891	872	876	865	879	871	870	866	860	865	867	869	879	870	878	865	866	857	875	849	886	873	868	881	880	873	876	876	860	866	864	880	870	858	877	870	888	873	867	876	873	872	872	877	874	872	850	874	878	867	862	873	887	871	867	865	870	883	885	851	878	863	883	864	871	859	853	871	864	883	885	866	879	856	867	870	873	861	874	875	887	870	866	865	871	873	871	879	866	875	872	877	869	877
868	895	881	893	874	878	881	868	876	871	875	880	876	878	895	891	862	874	871	871	865	877	873	879	875	882	886	880	871	889	873	873	888	867	892	878	888	880	871	878	895	878	872	877	873	881	873	880	882	880	870	880	882	881	882	881	878	873	876	875	890	861	876	890	873	881	880	882	887	866	872	882	877	877	885	884	877	880	872	876	882	878	876	870	896	875	859	894	873	876	881	873	881	886	876	890	876	874	887	874	879	870	873	877	891	871	877	868	890	873	873	880	864	895	874	888	890	880	881	893	870	873	878	878	900	873	870	889	879	864	866	883	882	885	890	877	865	883	874	889	886	880	885	883	872	871	874	876	879	870	877	877	884	879	873	868	874	884	875	882	864	875	870	869	875	890	867	873	890	867	871	867	874	869	881	877	859	883	874	886	872	891	871	867	875	854	875	875	889	881	871	867	857	870	874	865	881	864	881	857	876	882	860	886	874	872	879	870	867	887	880	869	875	885	847	882	878	887	888	873	871	887	859	872	878	865	863	871	866	875	860	855	873	873	875	878	881	866	868	883	857	884	871	868	877	880	858	865	872	866	872	863	856	874	865	862
889	856	886	887	872	892	868	867	883	876	888	880	895	883	888	886	870	867	875	878	883	867	911	873	873	861	895	877	876	880	876	887	880	872	864	876	863	878	874	868	882	895	883	879	870	865	865	869	877	867	886	888	894	876	875	875	880	875	872	885	877	872	879	874	880	882	898	869	885	880	895	873	876	886	894	885	860	878	879	879	880	874	885	891	877	888	875	874	867	890	880	893	877	887	891	886	880	874	873	871	885	880	885	886	873	888	888	878	875	884	884	878	893	901	876	880	889	872	868	886	900	884	864	886	873	888	870	874	885	872	876	907	877	882	866	870	885	866	875	883	879	888	887	867	881	869	870	879	887	876	870	889	881	885	874	877	866	884	872	879	870	877	882	852	875	879	874	877	874	885	873	889	866	873	878	864	864	871	876	881	866	870	865	870	878	845	877	866	869	865	882	868	863	888	872	859	872	873	862	878	867	870	858	865	879	863	875	871	868	875	867	883	871	870	865	853	863	875	867	870	878	865	857	883	875	865	878	878	857	859	860	879	875	872	867	862	869	873	870	869	881	882	858	861	876	858	873	871	894	850	867	866	853	853	867	859
887	881	882	898	887	883	884	883	867	883	895	882	889	881	869	883	887	876	876	872	873	883	876	870	878	886	873	870	885	875	891	884	887	890	877	865	864	897	893	874	884	884	878	880	871	880	886	897	876	871	884	877	862	866	875	890	874	885	885	871	871	857	890	898	891	875	880	877	853	877	879	866	882	874	882	881	873	871	879	881	868	870	889	863	870	878	889	878	877	877	877	894	893	876	892	870	895	896	880	874	889	879	880	894	883	880	899	876	869	871	880	875	876	880	887	870	873	892	876	883	865	886	874	876	881	872	855	879	870	864	866	891	883	869	892	871	887	869	862	896	881	885	874	877	882	874	876	881	876	881	885	876	870	874	868	868	868	875	869	874	870	872	851	876	881	863	868	883	862	876	889	866	867	875	876	884	867	873	865	868	870	873	882	870	874	869	870	863	867	869	874	875	893	859	884	881	861	872	883	874	866	860	872	879	869	879	876	876	863	862	865	884	866	871	875	854	872	875	869	867	861	872	873	860	869	882	870	880	856	866	875	877	886	864	871	889	860	867	852	871	864	872	877	874	869	854	858	872	877	882	861	875	872	866	871	852
881	873	873	873	871	880	864	882	894	875	882	864	889	889	879	891	876	886	878	877	891	874	877	873	880	879	865	910	882	886	893	888	871	865	881	880	864	873	882	870	878	882	890	879	883	877	885	889	883	873	874	892	880	873	862	891	898	876	858	891	885	865	892	875	867	882	858	888	877	881	865	867	884	884	866	860	873	872	880	877	882	870	886	876	884	861	885	889	878	888	896	880	882	873	866	890	874	867	894	877	867	875	881	877	880	901	897	888	890	866	880	874	878	885	885	874	869	875	880	886	879	892	863	898	879	877	884	871	883	883	872	892	883	863	871	890	856	883	875	873	893	880	875	887	886	882	884	893	889	879	889	880	876	888	871	880	868	870	860	867	890	874	849	880	881	881	877	866	860	864	884	880	879	874	876	866	868	871	851	882	859	864	871	889	889	881	876	875	878	860	886	862	861	863	860	861	883	878	873	872	874	869	887	876	886	861	874	885	882	873	872	875	874	863	874	870	861	895	847	861	867	856	875	871	880	873	864	865	869	860	872	876	874	874	884	872	866	867	857	858	854	871	851	880	861	855	859	869	880	878	863	871	862	878	881	869
878	876	882	884	875	885	866	885	900	881	874	871	878	878	876	883	885	873	873	880	879	864	868	874	874	861	880	876	881	877	878	868	872	884	888	887	876	878	864	882	869	878	877	886	875	866	889	862	877	913	867	886	893	882	882	869	875	884	871	897	868	869	868	885	856	888	882	888	884	878	880	903	874	880	879	882	867	891	890	885	877	877	887	873	890	890	866	883	868	883	883	891	867	880	871	875	875	875	888	883	879	885	881	872	881	895	888	890	876	874	881	874	895	876	879	884	875	879	888	879	884	879	879	886	897	888	875	881	883	868	880	869	876	889	878	874	894	896	892	871	871	863	896	868	871	869	873	884	878	879	876	880	890	865	871	874	880	885	880	877	861	886	868	872	880	876	871	878	874	876	856	877	879	873	874	882	872	867	862	869	893	878	863	869	874	878	873	875	860	881	869	872	861	856	868	866	872	870	870	882	875	866	877	879	877	879	859	866	867	862	873	875	877	879	851	866	879	872	867	873	867	865	874	871	880	879	864	869	867	864	871	878	860	871	876	857	871	876	867	868	874	873	872	865	880	871	870	874	864	866	887	867	869	878	871	879
876	871	880	886	885	878	869	882	885	872	883	888	883	888	876	891	882	883	884	884	879	883	883	892	872	885	873	873	872	876	860	878	870	878	868	884	887	875	885	888	872	881	903	868	880	868	860	865	878	890	870	878	878	881	885	877	865	865	862	876	878	880	884	887	876	887	878	900	883	886	881	905	892	887	883	876	888	896	879	879	884	882	852	885	867	874	883	872	886	867	875	879	886	893	873	865	885	879	892	864	884	872	883	874	880	874	882	889	893	900	903	883	884	878	870	885	881	884	871	889	890	878	880	891	884	865	875	878	871	886	880	877	881	893	895	878	886	878	872	861	869	871	877	870	882	886	885	858	879	889	885	866	881	873	840	874	889	876	872	862	877	876	876	880	867	860	874	884	868	863	858	879	868	866	887	871	873	876	879	859	861	876	886	859	885	882	864	863	861	876	883	862	869	896	860	875	879	860	856	892	875	877	862	856	902	865	878	883	860	873	856	867	871	860	874	868	881	881	860	883	880	876	852	878	873	872	860	856	873	882	870	860	868	868	865	863	878	864	878	880	867	869	858	871	864	877	874	883	865	874	870	869	881	862	861	877
868	870	891	868	887	870	875	855	888	883	885	899	891	874	875	882	885	883	889	879	895	876	869	872	875	875	866	894	868	871	881	871	881	884	895	880	867	886	884	879	880	885	871	886	873	876	864	877	873	874	896	870	872	872	885	858	891	878	892	870	875	895	869	874	879	889	871	880	865	867	878	877	870	880	881	879	888	873	868	880	877	874	878	884	868	874	883	875	870	872	875	871	873	863	902	885	879	886	883	887	868	863	875	877	885	890	889	867	888	896	875	880	891	870	890	899	870	883	875	875	877	879	877	879	879	886	869	866	867	873	873	854	883	875	880	878	873	883	871	878	871	870	873	879	873	865	899	872	873	866	890	871	880	878	869	873	877	890	877	876	882	864	891	878	876	855	876	871	867	882	875	862	889	869	885	891	877	878	876	868	875	886	867	870	864	871	871	879	873	872	863	865	871	866	868	865	876	873	887	856	864	866	866	877	872	874	865	863	866	856	877	860	891	875	876	866	866	881	865	882	873	859	870	882	873	874	857	855	871	876	855	870	865	857	856	869	867	858	862	878	864	887	875	885	871	868	861	871	884	869	874	866	863	866	874	869
877	882	893	883	880	878	885	868	869	876	871	890	876	856	880	889	889	882	874	874	882	878	873	871	883	869	893	892	885	887	876	878	876	864	883	876	885	870	878	885	876	876	883	895	896	882	886	883	877	880	847	877	875	880	876	883	886	875	874	874	881	883	885	873	869	880	879	882	866	868	888	877	875	867	880	872	882	871	873	880	858	875	877	890	868	867	869	874	877	868	877	888	869	880	864	888	878	892	866	880	878	865	874	873	874	883	888	873	880	893	889	886	884	890	882	886	871	886	865	875	861	857	873	888	893	892	892	874	878	892	864	874	879	885	862	868	875	865	882	879	884	879	884	875	877	886	883	882	875	876	877	875	873	875	876	866	887	868	881	888	897	883	878	870	880	868	849	873	883	876	866	868	872	875	882	885	856	860	875	879	844	864	870	889	865	880	868	865	872	878	864	878	884	864	875	858	877	866	868	873	893	872	867	864	870	882	870	869	858	879	883	861	882	849	869	875	870	869	866	874	861	871	852	875	869	886	881	858	885	876	871	882	865	860	890	861	883	886	856	859	874	871	879	878	865	873	869	869	869	880	860	874	878	860	878	864
872	878	880	879	900	874	881	884	859	884	891	880	864	867	884	873	892	880	875	890	884	878	890	891	875	880	881	881	889	883	878	866	880	892	871	887	879	866	884	867	881	881	871	890	879	876	870	889	885	885	882	873	872	872	880	889	850	872	888	882	876	875	876	890	879	872	877	856	879	869	882	888	904	879	874	873	870	882	873	883	874	887	887	864	877	885	867	867	872	896	876	887	877	868	870	870	877	882	878	879	871	870	867	877	879	865	885	869	868	889	878	876	880	904	894	863	886	888	878	887	883	869	890	883	899	885	886	889	895	865	866	875	868	879	866	881	885	880	869	869	878	882	880	872	870	883	861	880	878	877	885	868	900	867	854	870	890	874	889	881	859	899	885	884	874	885	863	864	878	877	874	871	886	857	874	877	877	873	874	871	872	868	866	869	875	880	850	879	860	873	864	881	877	882	864	852	862	880	871	876	892	861	882	869	866	866	872	873	884	883	867	884	876	862	871	853	874	874	887	871	872	885	855	873	865	882	856	879	858	872	873	868	865	871	872	866	876	862	855	854	853	866	873	861	887	870	851	862	874	873	867	871	865	861	874	869
873	900	879	891	883	880	890	883	895	883	872	893	875	877	867	874	910	879	868	877	887	901	881	884	902	893	884	896	882	875	884	886	888	905	875	870	881	878	884	879	885	876	883	882	883	876	880	859	899	893	884	888	875	871	884	886	890	881	867	866	865	873	896	867	871	888	868	868	881	875	872	870	876	880	889	864	887	886	882	878	890	883	863	889	869	861	877	891	888	864	874	876	863	884	868	863	872	875	868	884	893	886	867	898	870	892	893	885	867	885	886	882	886	883	884	889	879	887	875	880	876	887	873	877	876	876	879	880	868	868	900	883	876	878	856	870	873	872	867	884	873	880	868	863	862	858	892	862	893	883	879	864	875	872	879	865	868	877	864	883	874	882	870	872	875	861	869	877	880	867	868	876	874	874	871	856	872	869	855	873	878	860	872	869	870	873	886	880	870	865	878	877	874	875	878	877	848	869	873	865	884	886	856	884	870	884	881	878	892	861	860	880	873	872	872	866	872	856	872	872	867	862	862	864	870	855	871	863	862	875	879	851	865	875	863	867	867	860	867	867	853	871	864	873	877	868	875	866	868	886	862	863	871	866	865	883
883	871	870	898	874	873	887	881	885	895	874	893	880	880	865	875	880	888	896	878	877	868	876	888	889	882	878	872	874	868	879	879	884	879	892	893	883	900	895	890	880	873	870	899	869	878	878	885	877	866	891	865	900	898	895	875	884	874	875	895	873	890	879	877	887	884	883	883	882	887	872	867	885	879	885	878	885	876	881	886	875	884	872	874	887	895	870	880	881	871	873	871	876	890	873	872	853	892	897	894	884	868	884	882	881	874	888	888	883	876	869	882	882	873	884	876	889	887	880	870	874	856	895	894	889	881	894	869	881	886	862	875	882	882	873	859	865	877	867	888	875	888	870	867	870	883	866	885	899	875	883	871	888	877	883	891	877	870	864	875	891	870	857	880	865	875	873	882	862	880	855	866	853	871	852	873	875	868	859	886	868	865	874	869	881	876	872	873	870	856	874	866	858	879	878	887	877	871	867	883	869	870	871	873	879	870	875	869	874	863	889	867	864	867	885	866	867	866	865	866	871	865	857	854	855	875	878	862	865	857	875	867	883	878	880	881	869	865	855	884	856	878	870	851	860	866	865	869	867	866	869	872	878	877	881	886
